# callgrind format
version: 1
creator: callgrind-3.22.0
pid: 11756
cmd:  ./target/release/matrix-multiply
part: 1


desc: I1 cache: 32768 B, 64 B, 8-way associative
desc: D1 cache: 32768 B, 64 B, 8-way associative
desc: LL cache: 67108864 B, 64 B, direct-mapped

desc: Timerange: Basic block 0 - 4054702192
desc: Trigger: Program termination

positions: line
events: Ir Dr Dw I1mr D1mr D1mw ILmr DLmr DLmw
summary: 40387710409 16041510504 29668720 1734 8504005660 4503270 1684 1519 750858


ob=(2) /lib64/libc.so.6
fl=(2) ???
fn=(4568) _IO_file_close
0 2 1 0 1 0 0 1
cfn=(4570) __close_nocancel
calls=1 0 
0 5 1 0 1 0 0 1

fn=(4570)
0 5 1 0 1 0 0 1

fn=(3072) stpncpy
0 9 3 0 1 0 0 1

fn=(3074) wmemchr
0 22 6 0 2 0 0 2

fn=(3082) strcat
0 9 3 0 1 0 0 1

fn=(3088) bcmp
0 18 6 0 1 0 0 1

fn=(3094) strcasecmp_l
0 9 3 0 1 0 0 1

fn=(3106) stpcpy
0 9 3 0 1 0 0 1

fn=(3114) wcpncpy
0 6 3 0 2 0 0 2

fn=(3778) mmap
0 88 12 8 6 0 0 3

fn=(3840) 0x0000000000097a20
0 13 2 3 2 0 0 2
cfn=(3846) 0x0000000000096970
calls=1 0 
0 354 75 48 39 2 2 39 2 2
0 14 3 2 1 0 0 1
cfn=(3966) 0x0000000000143400
calls=1 0 
0 56 2 24 3 1 9 3 0 9
0 1 1 0 0 1

fn=(3906) brk
0 16 4 2 1 0 0 1

fn=(3966)
0 91 5 34 5 1 11 5 0 11

fn=(4026) 0x000000000009f730
0 18 2 9 2 1 0 2 1
cfn=(4032) 0x0000000000144b00
calls=1 0 
0 20 3 0 2 0 0 2
0 1 1 0 1 0 0 1
0 17 10 0 3 0 0 3

fn=(4052) getline
0 129 0 0 1 0 0 1
cfn=(4054) getdelim
calls=43 0 
0 7424 1966 926 78 22 5 78 18 5

fn=(4054)
0 1703 569 388 5 0 0 5
cfn=(4112) realloc
calls=1 0 
0 370 75 43 21 2 3 21 2 3
0 1 1 0 1 0 0 1
0 12 3 3 1 0 0 1
cfn=(4142) 0x0000000000142a00
calls=1 0 
0 29 10 8 1 0 0 1
0 1 1
0 180 0 45
cfn=(4142)
calls=45 0 
0 825 242 168 1 0 0 1
0 45 45
0 144 0 49
cfn=(4060) __underflow
calls=3 0 
0 372 126 60
0 30 9 3
cfn=(4090) 0x0000000000142000
calls=3 0 
0 80 9
0 3 3
0 172 43 43 1 0 0 1
cfn=(4090)
calls=43 0 
0 1612 212 0 9 15 0 9 15
0 43 43 0 1 1 0 1
0 977 302 2 3 0 0 3
cob=(3) ???
cfi=(3) ???
cfn=(3796) 0x00000000048833c8
calls=1 0 
0 188 36 16 3 0 1 3 0 1
0 221 130 45 3 0 0 3
cfn=(4060)
calls=1 0 
0 410 105 53 28 4 1 28 1 1
0 6 2

fn=(4066) _IO_file_doallocate
0 20 4 5 2 1 0 2
cfn=(4068) _IO_file_stat
calls=1 0 
0 15 2 0 4 0 0 4
0 12 2 1 1 0 0 1
cob=(3)
cfi=(3)
cfn=(3796)
calls=1 0 
0 172 34 16 1 0 1 1 0 1
0 7 0 1
cfn=(4080) _IO_setb
calls=1 0 
0 22 5 4 2 0 0 2
0 9 6 0 1 0 0 1

fn=(4072) fstatat
0 7 1 0 1 0 0 1

fn=(4090)
0 1692 221 0 9 15 0 9 15

fn=(4114) 0x0000000000097b40
0 49 12 7 4 0 0 4
cfn=(3846)
calls=1 0 
0 141 23 12 0 0 1 0 0 1
0 17 2 1 1 0 0 1
cfn=(4142)
calls=1 0 
0 21 6 4 3 1 2 3 1 2
0 1 1
0 4 0 1 1 0 0 1
cfn=(4156) 0x0000000000095c60
calls=1 0 
0 58 16 10 5 1 0 5 1
0 1

fn=(4660) pthread_mutex_lock
0 117 33 15 8 1 0 6

fn=(3066) __memset_chk
0 19 4 0 2 0 0 2

fn=(3658) 0x0000000000023e00
0 11 7 0 2 4 0 2

fn=(3754) signal
0 24 2 5 2 1 2 2 0 1
cfn=(3756) sigaction
calls=1 0 
0 67 18 16 7 2 1 7
0 9 4 0 1 0 0 1

fn=(3798) malloc
0 251 77 28 4 5 0 4 1
cfn=(3840)
calls=1 0 
0 438 83 77 45 4 11 45 2 11
0 82 17 11 2 3 0 2
cfn=(3846)
calls=8 0 
0 1127 188 96 6 0 6 6 0 6
0 57 8 1 2 0 0 2
cfn=(3800) 0x0000000000094860
calls=1 0 
0 1040 69 159 9 19 34 9 7 33
0 2

fn=(3992) 0x0000000000081cc0
0 484 0 264 1 0 0 1
cfn=(3994) 0x0000000000081c60
calls=44 0 
0 838 132 310 2 1 2 2 1 2
0 535 264 137 2 0 2 2 0 2

fn=(4082) _IO_switch_to_get_mode
0 96 32 28 2 0 0 2

fn=(4224) 0x000000000005bb50
0 2322 602 1032 5 4 7 5 1 1
cfn=(4008) 0x0000000000084c00
calls=43 0 
0 516 172 129
0 10750 2193 2064 18 4 0 18 3
cfn=(4278) _IO_sputbackc
calls=86 0 
0 1548 516 344 2 0 1 2 0 1
0 1290 559 43 3 1 0 3 1
cfn=(4012) 0x0000000000084c50
calls=43 0 
0 344 215 43 2
0 24727 5099 2664 15 1 0 15 1
cfn=(4278)
calls=86 0 
0 1548 516 344
0 8392 3424 688 9 1 0 9 1
cfn=(4346) __strtoul_internal
calls=86 0 
0 22564 2736 946 16 5 1 16 4
0 774 172 0 2 0 0 2

fn=(4278)
0 3096 1032 688 2 0 1 2 0 1

fn=(4526) free
0 261 69 42 3 6 0 3
cfn=(4156)
calls=12 0 
0 696 192 120 1 3 1 0 0 1
0 99 42 21 1 1 0 1
cfn=(4942) 0x0000000000093d90
calls=3 0 
0 99 21 6 3 1 0 3
0 15 9 3

fn=(4602) pthread_attr_destroy
0 7 2 2 1 0 0 1
cob=(3)
cfi=(3)
cfn=(4524) 0x00000000048833c0
calls=1 0 
0 83 25 14
0 2 1 1
cob=(3)
cfi=(3)
cfn=(4524)
calls=1 0 
0 83 25 14
0 3 2

fn=(4734) __register_atfork
0 44 9 13 4 1 2 4 1 2

fn=(5068) __cxa_finalize
0 132 18 24 5 2 0 4
cfn=(5070) 0x00000000000e36d0
calls=3 0 
0 87 17 13 6 1 1 6
0 36 24 3 1 0 0 1

fn=(3028) 0x00000000000a2b70
0 27 9 8 4 2 2 4 0 2

fn=(3042) strpbrk
0 2 1

fn=(3046) wcsnlen
0 9 3 0 2 0 0 2

fn=(3100) strncpy
0 9 3 0 1 0 0 1

fn=(3732) 0x0000000000023e70
0 9 1 5 1 0 0 1
cfn=(3734) _setjmp
calls=1 0 
0 28 6 10 4 0 0 4
0 14 7 4 1 2 0 1
cob=(6) /home/tenebrae/devel/rust/matrix-multiply/target/release/matrix-multiply
cfi=(6) ???
cfn=(3746) main
calls=1 0 
0 40387497595 16041459159 29650298 683 8504003666 4502460 665 67 750098
0 2 0 1 1
cfn=(4972) exit
calls=1 0 
0 2119 615 391 102 73 16 76 3 2

fn=(3756)
0 35 0 0 1 0 0 1
cfn=(3758) __libc_sigaction
calls=5 0 
0 234 64 52 6 2 1 6

fn=(3758)
0 234 64 52 6 2 1 6

fn=(3780) mprotect
0 5 1 0 1 0 0 1

fn=(3786) pthread_self
0 2 2 0 1 0 0 1

fn=(4008)
0 564 188 141 2 1 0 1

fn=(4020) _IO_file_fopen
0 61 8 8 4 2 0 4 2
cfn=(4022) _IO_file_open
calls=1 0 
0 74 18 13 6 0 0 6
0 6 0 1 1 0 0 1
cfn=(4026)
calls=1 0 
0 56 16 9 8 1 0 8 1
0 30 9 2 5 0 0 5

fn=(4080)
0 994 225 182 2 0 0 2
cob=(3)
cfi=(3)
cfn=(4524)
calls=1 0 
0 83 25 14
0 3 2

fn=(4084) _IO_file_read
0 20 8 0 1 0 0 1
cfn=(4086) __read_nocancel
calls=4 0 
0 20 4 0 1 0 0 1

fn=(4112)
0 57 15 18 1 0 0 1
cfn=(3798)
calls=2 0 
0 374 70 32 0 0 1 0 0 1
0 57 12 2 5 0 0 5
cfn=(4114)
calls=1 0 
0 292 60 35 14 2 3 14 2 3
0 12 2 0 1 0 0 1

fn=(4190) 0x0000000000083130
0 602 0 258 2 0 0 2
cfn=(4196) 0x00000000001456c0
calls=43 0 
0 1328 229 0 6 1 0 6 1
0 43 43 0 1 1 0 1
0 258 0 43
cfn=(4080)
calls=43 0 
0 946 215 172
0 903 258 129 2 0 0 2

fn=(4796) clock_gettime
0 20 6 0 1 3 0 1

fn=(4948) munmap
0 20 4 0 1 0 0 1

fn=(4972)
0 5 0 1 2 0 0 2
cfn=(4974) 0x000000000003c220
calls=1 0 
0 2114 615 390 100 73 16 74 3 2

fn=(4978) __call_tls_dtors
0 15 6 4 2 1 1 2 0 1
cob=(6)
cfi=(6)
cfn=(4980) std::sys::common::thread_local::fast_local::destroy_value
calls=1 0 
0 97 27 18 1 3 2 1 0 1
0 7 4 2 0 1
cob=(6)
cfi=(31) /rustc/a28077b28a02b92985b3a3faecf92813155f1ea1/library/std/src/sys/common/thread_local/fast_local.rs
cfn=(4982) std::sys_common::thread_info::THREAD_INFO::__getit::destroy
calls=1 40 
0 201 61 35 4 1 1 4
0 8 4 4 0 1
cob=(3)
cfi=(3)
cfn=(4524)
calls=2 0 
0 166 50 28 1
0 10 5

fn=(5194) _IO_flush_all
0 16 1 10 1 0 0 1
cfn=(4008)
calls=1 0 
0 12 4 3 1 1
0 114 44 15 8 13 0 8 3
cfn=(4012)
calls=1 0 
0 8 5 1 1
0 29 11 8 2 1 0 2

fn=(4572) _IO_file_finish
0 12 3 2 2 0 0 2
cfn=(4574) _IO_default_finish
calls=1 0 
0 15 6 1 2 0 0 2

fn=(3050) wcslen
0 9 3 0 1 0 0 1

fn=(3054) __memcpy_chk
0 19 4 0 2 0 0 2

fn=(3060) memcpy
0 38 8 0 2 0 0 2

fn=(3070) wcscmp
0 9 3 0 2 0 0 2

fn=(3078) strcasecmp
0 9 3 0 1 0 0 1

fn=(3086) strchrnul
0 9 3 0 1 0 0 1

fn=(3092) strcpy
0 9 3 0 1 0 0 1

fn=(3736) __sigsetjmp
0 26 6 10 3 0 0 3

fn=(4004) 0x000000000007e770
0 5 0 4 2 0 0 2
cfn=(4006) _IO_link_in
calls=1 0 
0 83 27 25 11 1 0 11
0 3 2 1

fn=(4346)
0 22564 2736 946 16 5 1 16 4

fn=(4564) _IO_file_close_it
0 17 2 5 2 0 0 2
cfn=(4566) _IO_unsave_markers
calls=1 0 
0 9 4 1 1 0 0 1
0 7 1 1 2 0 0 2
cfn=(4080)
calls=1 0 
0 112 32 20
0 7 0 3
cfn=(4530) _IO_un_link
calls=1 0 
0 3 2
0 21 7 4 1 0 0 1
cfn=(4568)
calls=1 0 
0 7 2 0 2 0 0 2
0 5 1 0 1 0 0 1

fn=(4714) syscall
0 8613 1566 0 2 0 0 2

fn=(4928) write
0 7 2 0 1 1 0 1

fn=(4942)
0 84 18 6 2 1 0 2
cfn=(4948)
calls=3 0 
0 15 3 0 1 0 0 1

fn=(5070)
0 87 17 13 6 1 1 6

fn=(3696) 0x000000000003bb20
0 31 7 6 5 3 0 5 1

fn=(3058) wcsncpy
0 6 3 0 1 0 0 1

fn=(3104) __memmove_chk
0 19 4 0 2 0 0 2

fn=(3110) memchr
0 11 3 0 2 0 0 2

fn=(3118) strncasecmp
0 9 3

fn=(3508) getrlimit
0 18 2 0 2 0 0 2

fn=(3750) poll
0 7 2 0 2 0 0 2

fn=(3800)
0 793 3 136 5 0 34 5 0 33
cob=(1) /lib64/ld-linux-x86-64.so.2
cfi=(1) ???
cfn=(218) __tunable_get_val
calls=1 0 
0 15 4 1 0 2 0 0 1
0 1 1
0 4 0 1
cob=(1)
cfi=(1)
cfn=(218)
calls=1 0 
0 16 4 1 0 2 0 0 1
0 1 1
0 4 0 1 1 0 0 1
cob=(1)
cfi=(1)
cfn=(218)
calls=1 0 
0 15 4 1 0 2 0 0 1
0 1 1
0 4 0 1
cob=(1)
cfi=(1)
cfn=(218)
calls=1 0 
0 15 4 1 0 1
0 1 1
0 4 0 1
cob=(1)
cfi=(1)
cfn=(218)
calls=1 0 
0 16 4 1 0 1
0 1 1
0 4 0 1 1 0 0 1
cob=(1)
cfi=(1)
cfn=(218)
calls=1 0 
0 15 4 1 0 1
0 1 1
0 4 0 1
cob=(1)
cfi=(1)
cfn=(218)
calls=1 0 
0 15 4 1 0 1
0 1 1
0 4 0 1
cob=(1)
cfi=(1)
cfn=(218)
calls=1 0 
0 15 4 1 0 2 0 0 1
0 1 1
0 4 0 1 1 0 0 1
cob=(1)
cfi=(1)
cfn=(218)
calls=1 0 
0 15 4 1 0 2 0 0 1
0 1 1
0 4 0 1
cob=(1)
cfi=(1)
cfn=(218)
calls=1 0 
0 15 4 1 0 1
0 1 1
0 4 0 1
cob=(1)
cfi=(1)
cfn=(218)
calls=1 0 
0 15 4 1 0 2 0 0 1
0 1 1
0 4 0 1
cob=(1)
cfi=(1)
cfn=(218)
calls=1 0 
0 15 4 1 0 1
0 1 1
0 9 6 0 1 1 0 1 1

fn=(3886) 0x00000000000960f0
0 181 65 36 10 6 3 8 0 1
cfn=(4758) 0x0000000000095480
calls=3 0 
0 228 36 36 7 0 3 4 0 3
0 44 4 5 5 0 0 5
cfn=(3902) __default_morecore
calls=1 0 
0 25 9 4
0 14 3 3 2 0 0 2
cfn=(3902)
calls=1 0 
0 54 14 8 6 1 0 6 1
0 33 6 6 5 1 1 5 1 1

fn=(4156)
0 754 208 130 6 4 1 5 1 1

fn=(4196)
0 1328 229 0 6 1 0 6 1

fn=(4530)
0 14 1 7 1 0 0 1
cfn=(4008)
calls=1 0 
0 12 4 3
0 30 7 4 5 0 0 5
cfn=(4012)
calls=1 0 
0 8 5 1
0 24 9 5 5 0 0 4

fn=(4582) pthread_attr_setaffinity_np
0 16 4 4 2 0 0 2
cfn=(4584) 0x0000000000085b70
calls=1 0 
0 248 44 29 13 0 3 13 0 3
0 8 3 1
cfn=(4112)
calls=1 0 
0 211 42 22 0 0 1 0 0 1
0 1 1
0 9 1 3
cfn=(4142)
calls=1 0 
0 11 3 2
0 1 1
0 1 0 0 1 0 0 1

fn=(4658) __cxa_thread_atexit_impl
0 26 2 10 2 0 0 2
cfn=(4590) calloc
calls=2 0 
0 434 78 42 1 0 2 1 0 2
0 2 2
0 24 6 10 1 0 0 1
cfn=(4660)
calls=2 0 
0 78 22 10 6 0 0 6
0 10 2 4
cfn=(4666) pthread_mutex_unlock
calls=2 0 
0 72 14 8 5 0 0 5
0 22 12 4 1 0 0 1
cob=(1)
cfi=(1)
cfn=(4664) _dl_find_dso_for_object
calls=2 0 
0 58 22 8 3 0 0 3
0 2 2 0 1 0 0 1
0 10 2 2

fn=(4666)
0 108 21 12 5 0 0 5

fn=(5192) 0x0000000000082660
0 12 1 8 2 0 0 2
cfn=(5194)
calls=1 0 
0 179 65 37 13 15 0 11 3
0 6 0 3
cfn=(4008)
calls=1 0 
0 12 4 3
0 74 25 11 5 0 0 5
cfn=(4012)
calls=1 0 
0 8 5 1
0 59 18 15 7 0 0 7

fn=(3044) strcmp
0 9 3 0 1 0 0 1

fn=(3064) index
0 9 3 0 1 0 0 1

fn=(3096) wcscat
0 6 3 0 1 0 0 1

fn=(3098) strlen
0 18 6 0 2 2 0 2

fn=(3108) memmove
0 38 8 0 3 0 0 3

fn=(3506) __ctype_init
0 16 10 3 2 6 0 2

fn=(3510) 0x000000000008a8b0
0 10 1 3 2 0 0 2
cob=(1)
cfi=(1)
cfn=(218)
calls=1 0 
0 16 4 1 0 1
0 1 1 0 1 1 0 1
0 4 0 1
cob=(1)
cfi=(1)
cfn=(218)
calls=1 0 
0 15 4 1 0 1
0 1 1
0 4 0 1 1 0 0 1
cob=(1)
cfi=(1)
cfn=(218)
calls=1 0 
0 16 4 1 0 2 0 0 1
0 1 1
0 6 4

fn=(3642) 0x0000000000147570
0 32 3 0 5 1 0 5

fn=(3790) pthread_attr_init
0 10 0 5 1 0 0 1
cfn=(3776) getpagesize
calls=1 0 
0 5 3
0 6 3 1

fn=(3950) 0x0000000000093d70
0 64 32 0 1 0 0 1

fn=(4012)
0 376 235 47 5 0 0 2

fn=(4024) __open_nocancel
0 24 4 2 2 0 0 2

fn=(4032)
0 20 3 0 2 0 0 2

fn=(4070) fstat
0 6 0 0 2 0 0 2
cfn=(4072)
calls=1 0 
0 7 1 0 1 0 0 1

fn=(4852) 0x0000000000143100
0 114 13 0 2 3 0 2 2

fn=(3688) __cxa_atexit
0 16 0 5 1 0 1 1
cfn=(3696)
calls=1 0 
0 31 7 6 5 3 0 5 1
0 20 6 4 2 0 0 2

fn=(3068) rindex
0 9 3 0 1 0 0 1

fn=(3076) strncmp
0 9 3 0 2 0 0 2

fn=(3080) strcspn
0 2 1 0 1 0 0 1

fn=(3084) strncasecmp_l
0 9 3 0 2 0 0 2

fn=(3090) wmemset
0 18 6 0 2 0 0 2

fn=(3734)
0 2 0 0 1 0 0 1
cfn=(3736)
calls=1 0 
0 26 6 10 3 0 0 3

fn=(3770) sigaltstack
0 15 3 0 2 0 0 1

fn=(3846)
0 2105 322 172 19 8 12 18 0 10
cfn=(3950)
calls=12 0 
0 48 24
0 36 12 4 1 0 0 1
cfn=(3886)
calls=4 0 
0 579 137 98 35 8 7 30 2 5
0 24 0 8
cfn=(3950)
calls=4 0 
0 16 8 0 1 0 0 1
0 8 4

fn=(4006)
0 43 16 12 3 0 0 3
cfn=(4008)
calls=1 0 
0 12 4 3 1 0 0 1
0 9 3 1 1 0 0 1
cfn=(4012)
calls=1 0 
0 8 5 1 2 0 0 2
0 28 7 12 4 1 0 4

fn=(4062) _IO_file_underflow
0 94 16 28 3 0 0 3
cfn=(4082)
calls=4 0 
0 96 32 28 2 0 0 2
0 68 24 12 1 0 0 1
cfn=(4084)
calls=4 0 
0 40 12 0 2 0 0 2
0 69 41 5 2 1 0 2 1
cfn=(4064) _IO_doallocbuf
calls=1 0 
0 280 61 31 14 2 1 14 0 1
0 4 1 0 1 0 0 1

fn=(4068)
0 2 1 0 1 0 0 1
cfn=(4070)
calls=1 0 
0 13 1 0 3 0 0 3

fn=(4142)
0 1009 281 193 5 2 2 5 2 2

fn=(5246) _Exit
0 3 1 0 1 0 0 1

fn=(4574)
0 15 6 1 2 0 0 2

fn=(3686) (below main)
0 17 0 8 2 0 0 2
cfn=(3688)
calls=1 0 
0 67 13 15 8 3 1 8 1
0 12 5 2
cob=(1)
cfi=(1)
cfn=(3730) _dl_audit_preinit
calls=1 0 
0 4 2 0 1 0 0 1
0 1 1 0 1 1 0 1
0 6 1 1
cfn=(3732)
calls=1 0 
0 40387499767 16041459788 29650709 792 8504003741 4502476 747 70 750100
0 11 5 1 2 2 0 2
cob=(3)
cfi=(3)
cfn=(3716) 0x000000000010e000
calls=1 0 
0 6 2 0 1 0 0 1
0 20 6 2 1 2 0 1
cob=(6)
cfi=(6)
cfn=(3722) 0x0000000000008fa0
calls=1 0 
0 11 1 0 3 0 0 3
0 4 1 1 0 1
cob=(6)
cfi=(7) /rustc/a28077b28a02b92985b3a3faecf92813155f1ea1/library/std/src/sys/unix/args.rs
cfn=(3720) std::sys::unix::args::imp::ARGV_INIT_ARRAY::init_wrapper
calls=1 124 
0 4 1 2 1 0 1 1 0 1
0 9 2

fn=(3048) memset
0 38 8 0 3 1 0 3

fn=(3112) strspn
0 2 1 0 1 0 0 1

fn=(3504) __libc_early_init
0 10 1 3 2 0 0 2
cob=(1)
cfi=(1)
cfn=(218)
calls=1 0 
0 16 4 1 0 2 0 0 1
0 1 1
0 4 0 1
cob=(1)
cfi=(1)
cfn=(218)
calls=1 0 
0 16 4 1 0 1
0 1 1
0 4 0 1
cob=(1)
cfi=(1)
cfn=(218)
calls=1 0 
0 16 4 1 0 1
0 1 1
0 4 0 1 1 0 0 1
cob=(1)
cfi=(1)
cfn=(218)
calls=1 0 
0 16 4 1 0 1
0 1 1
0 4 0 1
cob=(1)
cfi=(1)
cfn=(218)
calls=1 0 
0 16 4 1 0 2 0 0 1
0 1 1
0 17 6 4 2 1 1 2 1 1
cfn=(3506)
calls=1 0 
0 16 10 3 2 6 0 2
0 7 1 4 1 1 2 1 0 2
cfn=(3508)
calls=1 0 
0 9 1 0 2 0 0 2
0 30 5 4 2 0 2 2 0 2
cfn=(3510)
calls=1 0 
0 74 20 8 4 5 0 4 1
0 6 3

fn=(3628) 0x0000000000023d90
0 30 8 7 4 3 2 4 1 1
cfn=(3642)
calls=1 0 
0 32 3 0 5 1 0 5
0 1 1 0 1 1 0 1
0 12 6 2 0 0 1

fn=(3774) sysconf
0 264 54 36 13 2 0 8 1
cfn=(3776)
calls=6 0 
0 30 18 0 4 0 0 2
0 24 0 0 1 0 0 1

fn=(3776)
0 35 21 0 4 0 0 2

fn=(3788) pthread_getattr_np
0 14 1 8 2 0 0 2
cfn=(3790)
calls=1 0 
0 21 6 6 1 0 0 1
0 43 15 6 3 1 1 3
cfn=(4112)
calls=1 0 
0 211 42 22
0 1 1
0 7 0 1 1 0 0 1
cfn=(4576) pthread_getaffinity_np
calls=1 0 
0 30 4 3 4 0 0 4
0 9 0 1 1 0 0 1
cfn=(4582)
calls=1 0 
0 506 99 61 16 0 4 16 0 4
0 3 0 1
cob=(3)
cfi=(3)
cfn=(4524)
calls=1 0 
0 83 25 14
0 9 2 2 2 0 0 2
cfn=(3792) fopen
calls=1 0 
0 2086 286 351 111 29 51 111 14 50
0 6 0 1 1 0 0 1
cfn=(3508)
calls=1 0 
0 9 1
0 5 0 2
cfn=(4528) fclose
calls=1 0 
0 442 126 80 30 0 0 29
0 283 49 51 3 1 0 3
cfn=(4182) __isoc23_sscanf
calls=43 0 
0 82768 17637 10318 90 18 9 88 12 2
0 685 214 43 1 0 0 1
cfn=(4052)
calls=43 0 
0 7553 1966 926 79 22 5 79 18 5
0 89 1 2
cob=(3)
cfi=(3)
cfn=(4524)
calls=1 0 
0 83 25 14 4 0 0 3
0 23 6 2 2 0 0 2

fn=(3994)
0 838 132 310 2 1 2 2 1 2

fn=(4528)
0 16 3 4 2 0 0 2
cfn=(4572)
calls=1 0 
0 27 9 3 4 0 0 4
0 15 5 1 1 0 0 1
cob=(3)
cfi=(3)
cfn=(4524)
calls=1 0 
0 83 25 14
0 6 4 1 1 0 0 1
cfn=(4530)
calls=1 0 
0 85 24 20 11 0 0 10
0 8 1 1 1 0 0 1
cfn=(4564)
calls=1 0 
0 188 51 34 9 0 0 9
0 14 4 2 1 0 0 1

fn=(4576)
0 16 1 1 2 0 0 2
cfn=(3966)
calls=1 0 
0 10 1 2 2 0 0 2
0 1 1
0 3 1

fn=(4600) pthread_attr_getstack
0 8 3 2 1 0 0 1

fn=(4758)
0 51 0 12 2 0 0 2
cfn=(3778)
calls=3 0 
0 66 9 6 3
0 111 27 18 2 0 3 2 0 3

fn=(3040) strnlen
0 18 6 0 2 1 0 2

fn=(3052) __mempcpy_chk
0 19 4 0 2 0 0 2

fn=(3056) memrchr
0 18 6 0 1 0 0 1

fn=(3062) wcschr
0 18 6 0 1 0 0 1

fn=(3102) wmemcmp
0 9 3 0 1 0 0 1

fn=(3116) mempcpy
0 19 4 0 3 0 0 3

fn=(3792)
0 10 0 6 1 0 0 1
cob=(3)
cfi=(3)
cfn=(3796)
calls=1 0 
0 1673 190 254 65 24 46 65 10 45
0 11 0 2 1 0 1 1 0 1
cfn=(3992)
calls=1 0 
0 51 9 23 4 1 4 4 1 4
0 5 0 2
cfn=(4004)
calls=1 0 
0 91 29 30 13 1 0 13
0 5 0 1 1 0 0 1
cfn=(4020)
calls=1 0 
0 227 51 33 24 3 0 24 3
0 13 7 0 2 0 0 2

fn=(3902)
0 8 2 2 1 0 0 1
cfn=(3904) sbrk
calls=2 0 
0 63 19 10 5 1 0 5 1
0 8 2

fn=(3904)
0 34 10 7 3 1 0 3 1
cfn=(3906)
calls=1 0 
0 8 2 1
0 9 4 1 1 0 0 1
cfn=(3906)
calls=1 0 
0 8 2 1 1 0 0 1
0 4 1

fn=(4022)
0 25 2 6 3 0 0 3
cfn=(4006)
calls=1 0 
0 17 8 4
0 6 4 1 1 0 0 1
cfn=(4024)
calls=1 0 
0 24 4 2 2 0 0 2
0 2

fn=(4060)
0 113 40 9 2 1 0 2
cfn=(4062)
calls=4 0 
0 651 187 104 25 3 1 25 1 1
0 18 4 0 1 0 0 1

fn=(4064)
0 17 4 4 2 1 0 2
cfn=(4066)
calls=1 0 
0 257 53 27 11 1 1 11 0 1
0 6 4 0 1 0 0 1

fn=(4086)
0 20 4 0 1 0 0 1

fn=(4182)
0 989 43 430 4 0 0 4
cfn=(3992)
calls=43 0 
0 1806 387 688 1 0 0 1
0 301 0 86
cfn=(4190)
calls=43 0 
0 4080 745 602 11 2 0 11 1
0 473 0 215 1 0 0 1
cfn=(4224)
calls=43 0 
0 74775 16204 8297 72 16 9 70 11 2
0 344 258 0 1 0 0 1

fn=(4566)
0 9 4 1 1 0 0 1

fn=(4584)
0 7 1 2 2 0 0 2
cfn=(4590)
calls=1 0 
0 234 40 26 10 0 3 10 0 3
0 1 1 0 1 0 0 1
0 6 2 1

fn=(4590)
0 207 42 36 5 12 0 5
cfn=(3846)
calls=6 0 
0 1194 221 126 11 14 10 5 0 6
0 101 39 0 2 0 0 2

ob=(4) /usr/libexec/valgrind/vgpreload_core-amd64-linux.so
fl=(4) ???
fn=(3606) 0x0000000000001130
0 11 1 0 3 0 0 3

fn=(5118) 0x00000000000010e0
0 6 2 1 1 2

ob=(2)
fl=(2)
fn=(4590)
0 49 8 6 4 0 0 4
cfn=(3966)
calls=1 0 
0 25 2 8 0 0 2 0 0 2
0 1 1

fn=(4974)
0 50 8 12 5 2 2 5
cfn=(5246)
calls=1 0 
0 5 1 0 1 0 0 1
0 13 4 3 1 0 0 1
cob=(1)
cfi=(1)
cfn=(5012) 0x0000000000004d30
calls=1 0 
0 1180 326 202 56 49 10 33
0 9 1 3 2 0 0 2
cfn=(4978)
calls=1 0 
0 504 157 91 8 7 4 7 0 2
0 1

ob=(4)
fl=(4)
fn=(5118)
0 2 1 1 1
cob=(3)
cfi=(3)
cfn=(5124) 0x0000000004833030
calls=1 0 
0 76 20 13 1
0 1 0 1
cfn=(5130) 0x0000000000001050
calls=1 0 
0 5 1 0 2 0 0 1
0 3 2 1

fn=(5130)
0 5 1 0 2 0 0 1

ob=(2)
fl=(2)
fn=(4974)
0 1 0 1
cfn=(5192)
calls=1 0 
0 350 118 78 27 15 0 25 3
0 1

ob=(5) /usr/lib/gcc/x86_64-pc-linux-gnu/13/libgcc_s.so.1
fl=(5) ???
fn=(5146) 0x0000000000005400
0 8 3 2 1 2 0 1
cob=(3)
cfi=(3)
cfn=(5152) 0x0000000004a29350
calls=1 0 
0 76 20 13 1 0 0 1
0 1 0 1
cfn=(5156) 0x0000000000005370
calls=1 0 
0 5 1 0 2 0 0 1
0 3 2 1

fn=(3670) __cpu_indicator_init
0 353 17 43 37 3 0 37 2

fn=(3672) 0x0000000000005450
0 11 1 0 3 0 0 3

fn=(5138) 0x00000000000044a0
0 11 4 3 2 1 0 1

fn=(5156)
0 5 1 0 2 0 0 1

ob=(1)
fl=(1)
fn=(224) 0x000000000001fdc0
0 7 1 1 1 0 1 1 0 1

fn=(244) 0x00000000000150f0
0 71 9 22 7 0 3 7 0 3

fn=(716) 0x000000000000b470
0 69 6 39 2 0 5 2 0 5
cfn=(642) 0x0000000000023160
calls=3 0 
0 47 7
0 27 3 9
cfn=(728) 0x000000000000b000
calls=3 0 
0 143 23 19 1 0 2 1 0 2
0 3 1 2 1 0 0 1
cfn=(728)
calls=1 0 
0 40 6 6 5 1 0 5 1
0 56 12 20 1 0 8 1 0 8
cfn=(746) 0x0000000000022410
calls=4 0 
0 50 11 7 2 1 5 2 1 5
0 314 39 59 5 5 13 5 5 13
cfn=(642)
calls=3 0 
0 59 9
0 30 3 3 1 0 0 1
cfn=(1190) 0x0000000000022400
calls=3 0 
0 38 9 6 0 0 2 0 0 2
0 319 91 13 3 0 6 3 0 6
cfn=(732) 0x000000000000aed0
calls=3 0 
0 72 15 15
0 30 1 2 3 0 0 3

fn=(746)
0 179 47 31 3 1 7 2 1 7

fn=(1030) 0x00000000000068b0
0 15 0 8 2 0 0 2
cfn=(1032) 0x0000000000018da0
calls=1 0 
0 1306 272 219 31 2 7 31 2 7
0 3 1 2 0 0 1 0 0 1
cfn=(732)
calls=1 0 
0 24 5 5
0 13 2 2 1 0 0 1
cfn=(732)
calls=1 0 
0 24 5 5
0 24 3 10 2 0 1 2 0 1
cfn=(140) 0x0000000000022660
calls=1 0 
0 12 1 2 1 0 0 1
0 12 1 7 1 0 1 1 0 1
cfn=(140)
calls=1 0 
0 12 1 2
0 31 11 6 4 0 1 4 0 1

fn=(1452) 0x0000000000020dd0
0 15 3 0 1 0 0 1

fn=(2866) 0x0000000000009300
0 4752 844 911 2 112 2 2 93 1
cfn=(928) 0x0000000000022bf0
calls=96 0 
0 2238 494 0 9 81 0 9 70
0 4204 2245 155 3 77 0 3 24
cfn=(928)
calls=155 0 
0 3980 775 0 0 17
0 328 0 0 1 0 0 1

fn=(3142) 0x0000000000020f70
0 25 5 0 1 0 0 1

fn=(3318) _dl_allocate_tls_init
0 15 2 10 2 2 0 2
cfn=(788) 0x0000000000012740
calls=1 0 
0 2 1
0 94 28 7 4 4 1 4 0 1
cfn=(1190)
calls=2 0 
0 26 4 2 0 1 1 0 0 1
0 10 0 2
cfn=(140)
calls=2 0 
0 32 2 8 0 0 3 0 0 3
0 19 5 1 1 0 0 1
cfn=(788)
calls=1 0 
0 2 1
0 11 9 1 1 0 0 1

fn=(3434) 0x00000000000198b0
0 11 1 4 2 0 0 2
cfn=(3436) 0x000000000000ad20
calls=1 0 
0 154 45 17 7 1 0 7 1
0 17 3 2 1 0 0 1
cfn=(3436)
calls=1 0 
0 170 47 17 0 2 0 0 1
0 13 7 1 1 0 0 1

fn=(3554) 0x00000000000147c0
0 7 2 1 1 1 0 1
cfn=(3558) 0x0000000000020f90
calls=1 0 
0 5 1 0 1 0 0 1
0 4 1 2 1 0 0 1

fn=(1884) 0x0000000000020ad0
0 8 1 1

fn=(2594) 0x000000000001b7d0
0 13 3 4 2 1 0 2
cfn=(728)
calls=1 0 
0 34 6 5
0 50 13 6 2 3 1 2 1 1
cfn=(2614) 0x0000000000011970
calls=1 0 
0 66 14 9 3 2 0 3 1
0 1 0 1
cfn=(2624) 0x0000000000011ba0
calls=1 0 
0 109 22 11 7 0 0 7
0 1 0 1
cfn=(2644) 0x0000000000011d90
calls=1 0 
0 294 29 102 4 0 39 4 0 39
0 14 1 4 1 0 0 1
cfn=(2670) 0x00000000000127b0
calls=1 0 
0 68 13 16 5 2 0 5
0 6 3 1

fn=(116) 0x00000000000193c0
0 9 1 4 1 0 1 1 0 1

fn=(362) 0x0000000000015920
0 336 12 132 2 0 0 2
cfn=(368) 0x00000000000156b0
calls=12 0 
0 1215 72 36 4 0 0 4
0 29 0 1 1 0 0 1
cfn=(368)
calls=1 0 
0 20 4 3
0 7 1 1
cfn=(368)
calls=1 0 
0 265 27 3 0 2 0 0 2
0 66 1 12 1 0 0 1
cfn=(368)
calls=12 0 
0 4032 396 36 6 6 0 6 6
0 123 84

fn=(1086) 0x00000000000229c0
0 369 55 0 4 4 0 4 4

fn=(1404) 0x0000000000006050
0 48 0 36 1 0 3 1 0 3
cfn=(1086)
calls=6 0 
0 129 19 0 2 3 0 2 3
0 54 36

fn=(1854) 0x0000000000017450
0 12 6 0 1 0 0 1

fn=(2136) 0x0000000000020da0
0 12 2 0 1 0 0 1

fn=(3544) 0x0000000000017350
0 24 9 0 2 1

fn=(3558)
0 5 1 0 1 0 0 1

fn=(1488) 0x0000000000006cf0
0 129 33 57 4 0 3 4 0 3
cfn=(716)
calls=3 0 
0 1009 207 148 3 3 29 3 3 29
0 1256 199 104 11 21 8 11 21 8
cfn=(1618) 0x0000000000020ec0
calls=3 0 
0 72 12 6 2 0 1 2 0 1
0 216 60 27 4 0 0 4
cfn=(140)
calls=3 0 
0 199 3 94 0 0 46 0 0 46
0 201 63 27 2 0 0 2
cfn=(1618)
calls=9 0 
0 153 27 18
0 131 45 23 6 3 3 6 3 3
cfn=(1492) 0x0000000000020af0
calls=3 0 
0 39 3 0 2 0 0 2
0 155 73 6 4 1 1 4 1 1
cfn=(2136)
calls=1 0 
0 6 1
0 1077 185 104 16 25 19 16 25 19
cfn=(862) 0x0000000000006c80
calls=3 0 
0 57 24 0 0 3 0 0 3
0 419 113 15 7 30 0 7 30
cfn=(1798) 0x0000000000020c20
calls=3 0 
0 15 3 0 1 0 0 1
0 36 12 6 1 0 0 1
cfn=(120) 0x0000000000010e50
calls=3 0 
0 84 24 15 0 3 0 0 3
0 70 28 5 3 0 2 3 0 2
cfn=(2224) 0x0000000000011a00
calls=1 0 
0 9 3 2 1 0 0 1
0 12 3 3
cfn=(786) 0x000000000000b3d0
calls=3 0 
0 141 36 27
0 15 3 3 1 0 0 1
cfn=(1840) 0x0000000000002600
calls=3 0 
0 18 6 0 1 0 0 1
0 48 15 3 1 0 0 1
cfn=(1854)
calls=3 0 
0 12 6 0 1 0 0 1
0 71 8 7 4 0 0 4
cfn=(1618)
calls=1 0 
0 17 3 2
0 29 9 3 4 0 0 4
cfn=(928)
calls=1 0 
0 31 5 0 1 2 0 1 2
0 13 4 1 3 0 0 3

fn=(2422) 0x000000000001b790
0 6 2 2 1 0 0 1
cfn=(2424) 0x0000000000013bd0
calls=1 0 
0 9107 2850 607 27 61 35 27 57 34
0 4 2

fn=(2424)
0 42 5 9 2 0 0 2
cfn=(2432) 0x00000000000132e0
calls=5 0 
0 9023 2835 598 25 61 35 25 57 34
0 42 10

fn=(2432)
0 291 68 72 3 3 0 3 3
cfn=(1362) 0x000000000000b1a0
calls=19 0 
0 1425 339 79
0 3873 1487 130 7 39 0 7 36
cfn=(928)
calls=23 0 
0 559 115 0 0 12 0 0 12
0 787 207 13 3 5 0 3 5
cfn=(728)
calls=4 0 
0 136 24 20
0 1926 590 284 10 1 35 10 0 34
cfn=(2562) 0x00000000000232e0
calls=1 0 
0 24 5 0 2 1 0 2 1
0 2

fn=(130) 0x000000000001a6b0
0 6 0 3 2 0 1 2 0 1
cfn=(132) 0x00000000000199b0
calls=1 0 
0 490 136 61 11 15 13 11 15 13
0 2 1 1
cfn=(166) 0x0000000000012ba0
calls=1 0 
0 38366 7489 6 8 84 0 8 84
0 1 0 1
cfn=(216) 0x0000000000011020
calls=1 0 
0 27 6 3 4 0 0 4
0 2 0 1
cfn=(224)
calls=1 0 
0 7 1 1 1 0 1 1 0 1
0 1 0 1
cfn=(232) 0x0000000000017260
calls=1 0 
0 7298 801 438 101 16 7 101 16 7
0 4 1 1
cfn=(642)
calls=1 0 
0 13 2 0 2 1 0 2 1
0 3 0 2 1 0 0 1
cfn=(650) 0x00000000000205c0
calls=1 0 
0 14 4 2 1 0 0 1
0 11 4 1
cfn=(662) 0x000000000001c1c0
calls=1 0 
0 162782 41957 17275 692 1743 745 690 1315 713
0 4 3 0 1 1

fn=(232)
0 5 1 1 1 0 0 1
cfn=(236) 0x0000000000015fc0
calls=1 0 
0 7286 798 437 99 16 7 99 16 7
0 7 2 0 1 0 0 1

fn=(662)
0 27 1 18 2 0 2 2 0 2
cfn=(664) 0x0000000000012750
calls=1 0 
0 17 1 4 2 0 1 2 0 1
0 14 3 4 2 0 1 2 0 1
cfn=(668) 0x0000000000018c20
calls=1 0 
0 448 153 1 2 0 0 2
0 2 1 1
cfn=(668)
calls=1 0 
0 5 3
0 87 17 3 4 1 0 4 1
cfn=(716)
calls=1 0 
0 288 29 52 21 4 12 21 4 12
0 13 4 5 1 0 0 1
cfn=(786)
calls=1 0 
0 34 9 8 2 0 0 2
0 206 33 8 4 9 1 4 9 1
cfn=(862)
calls=1 0 
0 19 8 0 2 0 0 2
0 360 93 27 18 7 2 18 7 2
cfn=(928)
calls=1 0 
0 20 5 0 2 1 0 2 1
0 321 58 37 9 8 9 9 8 9
cfn=(120)
calls=1 0 
0 28 8 5
0 10 6 2 1 0 0 1
cfn=(1030)
calls=1 0 
0 1476 302 268 42 2 11 42 2 11
0 3 1 1 1 0 0 1
cfn=(1234) 0x0000000000002650
calls=1 0 
0 32 7 5 5 1 0 5 1
0 49 18 9 5 2 0 5 2
cfn=(1280) 0x0000000000011b30
calls=1 0 
0 5 3 0 2 0 0 2
0 8 2 4 1 0 0 1
cfn=(1288) _dl_debug_state
calls=1 0 
0 1 1 0 1 0 0 1
0 3 1 1
cfn=(1292) 0x00000000000172d0
calls=1 0 
0 20 9 7 2 0 0 2
0 12 4 1 1 0 0 1
cfn=(1884)
calls=1 0 
0 8 1 1
0 22 5 1 2 0 0 2
cfn=(1904) 0x0000000000002810
calls=1 0 
0 11833 2428 1250 104 110 113 104 110 113
0 111 23 16 5 0 0 5
cfn=(2418) 0x00000000000013b0
calls=1 0 
0 9137 2861 616 31 61 35 31 57 34
0 202 67 20 7 9 2 7
cfn=(2726) 0x000000000000e3f0
calls=4 0 
0 128893 33466 13710 173 1353 458 173 1054 433
0 22 7 2 1 2 0 1
cfn=(3160) 0x00000000000124d0
calls=2 0 
0 52 20 14 3 6 0 3
0 20 5 3 1 2 0 1
cfn=(3318)
calls=1 0 
0 211 52 31 8 7 5 8 0 5
0 10 5 1 1 1 0 1
cfn=(3494) 0x0000000000001000
calls=1 0 
0 447 122 55 18 26 5 18 7 5
0 1 0 1
cfn=(3540) 0x000000000001a770
calls=1 0 
0 1 1 0 1 0 0 1
0 3 0 1
cfn=(3544)
calls=1 0 
0 8 3 0 1
0 2 0 1
cfn=(1840)
calls=1 0 
0 6 2 0 0 1
0 2 0 2
cfn=(1288)
calls=1 0 
0 1 1 0 1
0 1 0 1
cfn=(3554)
calls=1 0 
0 16 4 3 3 1 0 3
0 120 39 20 15 3 1 15 1 1
cfn=(3332) 0x00000000000044f0
calls=1 0 
0 702 171 54 14 51 4 14 8 3
0 3 1 1
cfn=(3404) 0x0000000000019690
calls=1 0 
0 2188 631 285 7 11 0 7 1
0 1 0 1
cfn=(3434)
calls=1 0 
0 365 103 41 11 3 0 11 2
0 10 2 2 1 0 0 1
cfn=(2726)
calls=1 0 
0 1580 469 190 1 18 3 1 3
0 8 0 2 1 0 0 1
cfn=(2594)
calls=1 0 
0 656 104 160 24 8 40 24 2 40
0 33 4 4 4 0 0 4
cfn=(1302) 0x000000000001c0b0
calls=1 0 
0 2592 580 314 122 35 40 122 35 40
0 7 0 1

fn=(1994) 0x000000000000b110
0 11 0 5 1 0 1 1 0 1
cfn=(1438) 0x0000000000020d20
calls=1 0 
0 16 1 1
0 13 5 1 1 0 0 1
cfn=(1492)
calls=1 0 
0 13 1
0 8 1 2 0 1 0 0 1
cfn=(1798)
calls=1 0 
0 5 1
0 7 0 1
cfn=(1618)
calls=1 0 
0 22 3 2
0 2

fn=(3404)
0 81 6 10 3 1 0 3 1
cfn=(3410) 0x00000000000195a0
calls=1 0 
0 528 156 67 3 2 0 3
0 5 0 1
cfn=(3410)
calls=1 0 
0 498 152 67 0 4
0 5 0 1
cfn=(3410)
calls=1 0 
0 526 156 67 0 4
0 5 0 1 1 0 0 1
cfn=(3410)
calls=1 0 
0 529 155 67
0 11 6 4

fn=(368)
0 5532 499 78 10 8 0 10 8

fn=(1064) 0x0000000000019370
0 66 0 22 2 0 1 2 0 1
cfn=(1066) 0x0000000000019210
calls=11 0 
0 439 89 49 5 1 0 5 1
0 6 0 3
cfn=(1066)
calls=3 0 
0 168 30 18 0 1 0 0 1
0 106 27 15
cfn=(1106) 0x00000000000192b0
calls=6 0 
0 24 6
0 34 22

fn=(1152) 0x0000000000022000
0 21 5 0 4 0 0 4

fn=(1292)
0 20 9 7 2 0 0 2

fn=(1342) 0x000000000001b2e0
0 18 1 7 2 0 2 2 0 2
cfn=(1344) 0x00000000000015d0
calls=1 0 
0 2429 549 294 111 32 36 111 32 36
0 11 6 0 1 0 0 1

fn=(1618)
0 308 51 32 2 0 2 2 0 2

fn=(2344) 0x0000000000010f40
0 236 69 44 4 7 0 2
cfn=(2345) 0x0000000000010f40'2
calls=2 0 
0 144 42 30 2 2 0 1
0 13 5

fn=(2345)
0 134 38 30 0 2
cfn=(2345)
calls=2 0 
0 51 15 14 1 1
0 10 4 0 2 0 0 1

fn=(642)
0 273 41 0 3 2 0 3 2

fn=(1362)
0 252 36 108 1 0 1 1 0 1
cfn=(928)
calls=36 0 
0 852 180 0 2 0 0 2
0 426 118 45 1 0 0 1
cfn=(928)
calls=45 0 
0 977 225
0 270 108 0 1 0 0 1

fn=(1418) 0x0000000000021340
0 10 0 6
cfn=(642)
calls=2 0 
0 34 5
0 6 2 2
cfn=(732)
calls=2 0 
0 48 10 10
0 39 10 4 0 0 1 0 0 1

fn=(1492)
0 52 4 0 2 0 0 2

fn=(2818) 0x000000000000a170
0 23069 4294 3507 6 117 9 6 113 4
cfn=(2838) 0x00000000000094b0
calls=167 0 
0 57523 18401 6168 35 625 10 35 395 5
0 6946 2618 168 8 4 0 8

fn=(3160)
0 52 20 14 3 6 0 3

fn=(3336) 0x0000000000003ee0
0 300 83 20 2 47 4 2 7 3

fn=(3384) 0x0000000000004440
0 126 22 9 2 0 0 2

fn=(3436)
0 130 26 27 3 0 0 3
cfn=(3444) 0x000000000000ac50
calls=3 0 
0 306 90 24 3 9 0 3 5
0 42 21 0 1 0 0 1

fn=(3486) 0x0000000000017200
0 5 2 0 1 1 0 1

fn=(5052) 0x0000000000001090
0 80 25 23 2 13 0 2
cob=(5)
cfi=(5)
cfn=(5138)
calls=1 0 
0 11 4 3 2 1 0 1
cob=(4)
cfi=(4)
cfn=(5118)
calls=1 0 
0 93 26 17 5 2 0 1
cob=(6)
cfi=(6)
cfn=(5060) 0x0000000000008f50
calls=1 0 
0 123 28 18 14 5 1 12
0 1 1 1 0 1
cob=(5)
cfi=(5)
cfn=(5146)
calls=1 0 
0 93 26 17 4 2 0 3
0 49 20 0 1 5 0 1
cob=(3)
cfi=(3)
cfn=(5162) 0x0000000004a43e28
calls=1 0 
0 3 1 0 1 0 0 1
cob=(3)
cfi=(3)
cfn=(5136) 0x00000000048332b0
calls=1 0 
0 3 1 0 1 0 0 1
cob=(3)
cfi=(3)
cfn=(5108) 0x000000000015404c
calls=1 0 
0 3 1
0 8 8

fn=(0) 0x000000000001ad10
0 2 0 1 1 0 1 1 0 1
cfn=(2) 0x000000000001b950
calls=1 0 
0 209612 50507 17867 852 1876 787 848 1445 755
0 10 2 1 1
cfn=(3576) 0x0000000000005110
calls=1 0 
0 832 165 107 66 33 4 66 3 1
0 3 0 0 1 0 0 1
cob=(6)
cfi=(6)
cfn=(3684) (below main)
calls=1 0 
0 40387499950 16041459830 29650744 813 8504003751 4502478 768 71 750101

fn=(2)
0 511 83 52 20 13 17 20 13 17
cfn=(116)
calls=1 0 
0 9 1 4 1 0 1 1 0 1
0 9 0 3 1 0 0 1
cfn=(120)
calls=1 0 
0 28 8 5 3 1 1 3 1 1
0 9 2 5 1 0 1 1 0 1
cfn=(130)
calls=1 0 
0 209031 50405 17797 824 1860 767 821 1431 735
0 15 8 1 2 2 0 1

fn=(216)
0 5 0 1 1 0 0 1
cfn=(218)
calls=1 0 
0 16 4 1 2 0 0 2
0 6 2 1 1 0 0 1

fn=(482) 0x0000000000015290
0 225 22 17 13 0 0 13

fn=(732)
0 394 81 81 0 1
cfn=(1618)
calls=1 0 
0 22 3 2
0 9 1 1

fn=(1034) 0x0000000000019150
0 48 6 0 3 0 0 3

fn=(1288)
0 2 2 0 2 0 0 1

fn=(1904)
0 147 26 41 8 1 6 8 1 6
cfn=(732)
calls=3 0 
0 72 15 15
0 27 3 6 1 0 1 1 0 1
cfn=(746)
calls=3 0 
0 32 9 6 0 0 1 0 0 1
0 18 3 3
cfn=(746)
calls=3 0 
0 32 9 6
0 108 27 40 4 0 0 4
cfn=(1346) _dl_catch_exception
calls=5 0 
0 9715 1991 972 58 105 102 58 105 102
0 590 118 30 3 0 0 3
cfn=(1404)
calls=5 0 
0 185 45 30 0 3 2 0 3 2
0 276 12 2 5 0 0 5
cfn=(732)
calls=1 0 
0 24 5 5
0 100 21 16 5 0 1 5 0 1
cfn=(2330) 0x0000000000011050
calls=1 0 
0 322 85 58 10 0 0 10
0 99 37 7 6 1 0 6 1
cfn=(2268) 0x0000000000020e10
calls=3 0 
0 57 15 9 2 0 0 2
0 15 3 2 2 0 0 2
cfn=(746)
calls=1 0 
0 11 3 2
0 3 1

fn=(2050) 0x0000000000013c50
0 1818 286 0 3 19 0 3 19

fn=(3332)
0 7 2 3 2 1 0 2
cfn=(3348) 0x0000000000003f50
calls=1 0 
0 97 25 3 5 2 0 5 1
0 4 2 1
cfn=(732)
calls=1 0 
0 24 5 5 0 1
0 8 0 3 1 0 0 1
cfn=(3348)
calls=1 0 
0 345 89 23 0 36 3 0 7 3
0 9 4 1 1 0 0 1
cfn=(3336)
calls=1 0 
0 72 19 4 2 11 1 2
0 3 0 1
cfn=(3384)
calls=1 0 
0 126 22 9 2 0 0 2
0 7 3 1 1 0 0 1

fn=(3348)
0 198 50 10 4 2 0 4 1
cfn=(3336)
calls=4 0 
0 228 64 16 0 36 3 0 7 3
0 16 0 0 1 0 0 1

fn=(4664)
0 58 22 8 3 0 0 3

fn=(5012)
0 22 2 8 3 2 0 3
cob=(2)
cfi=(2)
cfn=(4660)
calls=1 0 
0 39 11 5 2 1
0 13 3 3 1 2 0 1
cfn=(3544)
calls=1 0 
0 8 3 0 1 1
0 87 12 17 2 5 9 2
cfn=(2330)
calls=1 0 
0 371 101 58 12 9
0 2 1 1 1 0 0 1
cob=(2)
cfi=(2)
cfn=(4666)
calls=1 0 
0 36 7 4
0 41 11 15 1 0 0 1
cfn=(5052)
calls=5 0 
0 467 141 79 30 29 1 22
0 10 0 5
cfn=(5112) 0x0000000000017510
calls=5 0 
0 20 10 0 1 0 0 1
0 35 10 6 1 0 0 1
cfn=(3544)
calls=1 0 
0 8 3
0 21 11 1 1 0 0 1

fn=(5112)
0 20 10 0 1 0 0 1

fn=(120)
0 140 40 25 3 4 1 3 4 1

fn=(132)
0 234 73 8 3 9 4 3 9 4
cfn=(140)
calls=1 0 
0 41 1 16 4 0 6 4 0 6
0 215 62 37 4 6 3 4 6 3

fn=(728)
0 249 50 51 3 1 1 3 1 1
cfn=(1618)
calls=1 0 
0 22 3 2 0 0 1 0 0 1
0 116 12 2 3 0 0 3

fn=(1178) 0x0000000000018d00
0 46 8 24 2 0 2 2 0 2
cfn=(1190)
calls=2 0 
0 28 6 4 1 0 0 1
0 22 4 10
cfn=(1064)
calls=2 0 
0 128 27 16
0 4 0 2 0 0 1 0 0 1
cfn=(1064)
calls=2 0 
0 160 33 21
0 20 10

fn=(1346)
0 102 12 42 2 0 4 2 0 4
cfn=(1348) 0x0000000000021110
calls=6 0 
0 114 30 48 2 0 2 2 0 2
0 30 12 6 1 0 0 1
cfn=(1932) 0x00000000000027d0
calls=5 0 
0 9425 1916 867 58 105 99 58 105 99
cfn=(1350) 0x000000000001ae20
calls=1 0 
0 2349 527 266 103 32 32 103 32 32
0 102 36 30 1 0 0 1

fn=(1932)
0 70 30 10 1 0 0 1
cfn=(1352) 0x0000000000008620
calls=5 0 
0 9340 1876 852 57 105 99 57 105 99
0 15 10 5

fn=(2034) 0x0000000000013d20
0 40 2 24 2 0 2 2 0 2
cfn=(928)
calls=2 0 
0 40 10 0 0 1 0 0 1
0 18 0 6 2 0 0 2
cfn=(218)
calls=2 0 
0 30 8 2 0 1 0 0 1
0 348 65 21 2 16 0 2 16
cfn=(2050)
calls=19 0 
0 1464 231 0 3 17 0 3 17
0 136 13 9 1 1 0 1 1
cfn=(2050)
calls=3 0 
0 354 55 0 0 2 0 0 2
0 121 40 8 6 0 0 6

fn=(2418)
0 12 3 5 2 0 0 2
cfn=(2422)
calls=1 0 
0 9117 2854 609 28 61 35 28 57 34
0 8 4 2 1 0 0 1

fn=(2624)
0 109 22 11 7 0 0 7

fn=(788)
0 12 6

fn=(1066)
0 267 45 57 2 1 0 2 1
cfn=(1086)
calls=9 0 
0 180 27 0 2 1 0 2 1
0 120 45 9 1 0 0 1
cfn=(642)
calls=3 0 
0 39 6
0 12 0 3

fn=(1434) 0x0000000000005500
0 57 3 27 1 0 0 1
cfn=(1438)
calls=3 0 
0 48 3 3 2 0 0 2
0 39 0 9 1 0 1 1 0 1
cfn=(1452)
calls=3 0 
0 15 3 0 1 0 0 1
0 146 54 4 5 2 1 5 2 1
cfn=(2136)
calls=1 0 
0 6 1 0 1 0 0 1
0 5 1 0 3 0 0 3

fn=(3580) 0x0000000000004fd0
0 158 39 37 3 10 1 3
cob=(3)
cfi=(3)
cfn=(3666) 0x0000000004a29000
calls=1 0 
0 6 2 0 1 1 0 1
cob=(3)
cfi=(3)
cfn=(3594) 0x0000000004833000
calls=1 0 
0 6 2 0 1 1 0 1
0 55 18 2 1 5 0 1
cob=(5)
cfi=(5)
cfn=(3672)
calls=1 0 
0 11 1 0 3 0 0 3
cob=(2)
cfi=(2)
cfn=(3658)
calls=1 0 
0 11 7 0 2 4 0 2
0 12 3 3 0 1
cob=(5)
cfi=(5)
cfn=(3670)
calls=1 0 
0 353 17 43 37 3 0 37 2
cob=(2)
cfi=(2)
cfn=(3628)
calls=1 0 
0 75 18 9 10 5 3 10 1 1
cob=(4)
cfi=(4)
cfn=(3606)
calls=1 0 
0 11 1 0 3 0 0 3
0 53 36

fn=(862)
0 76 32 0 2 3 0 2 3

fn=(1032)
0 14 0 10 2 0 2 2 0 2
cfn=(1034)
calls=1 0 
0 48 6 0 3 0 0 3
0 11 0 6 1 0 0 1
cfn=(1064)
calls=1 0 
0 21 6 4 4 0 1 4 0 1
0 24 4 6 1 0 0 1
cfn=(1064)
calls=2 0 
0 128 27 16
0 2 0 1
cfn=(1064)
calls=1 0 
0 139 27 17 3 2 0 3 2
0 12 1 3 1 0 0 1
cfn=(732)
calls=1 0 
0 24 5 5
0 12 1 5 1 0 0 1
cfn=(1066)
calls=1 0 
0 11 4 2
0 34 8 10 1 0 0 1
cfn=(1064)
calls=2 0 
0 128 27 16
0 2 0 1 1 0 0 1
cfn=(1064)
calls=1 0 
0 139 27 17
0 49 8 10 3 0 0 3
cfn=(1152)
calls=1 0 
0 21 5 0 4 0 0 4
0 20 9 2 1 0 1 1 0 1
cfn=(732)
calls=1 0 
0 24 5 5
0 15 2 2 1 0 0 1
cfn=(1178)
calls=1 0 
0 45 11 13 1 0 1 1 0 1
0 5 2 1 1 0 0 1
cfn=(1178)
calls=1 0 
0 363 77 64 2 0 2 2 0 2
0 15 10 3

fn=(1348)
0 114 30 48 2 0 2 2 0 2

fn=(1840)
0 24 8 0 1 1 0 1

fn=(2652) 0x0000000000011670
0 9 2 3 2 0 0 2
cfn=(728)
calls=1 0 
0 34 6 5
0 10 3 2 0 0 1 0 0 1

fn=(2670)
0 31 3 12 3 0 0 3
cfn=(218)
calls=1 0 
0 16 4 1 0 1
0 21 6 3 2 1 0 2

fn=(668)
0 453 156 1 2 0 0 2

fn=(1106)
0 24 6

fn=(1190)
0 92 19 12 1 1 3 1 0 3

fn=(2838)
0 39749 13008 5102 12 336 8 12 208 4
cfn=(2866)
calls=163 0 
0 15502 4358 1066 15 287 2 15 187 1
0 2272 1035 0 8 2 0 8

fn=(3494)
0 12 0 3 1 0 0 1
cfn=(3436)
calls=1 0 
0 154 45 17 0 6 0 0 3
0 11 5 0 1 0 0 1
cob=(2)
cfi=(2)
cfn=(3504)
calls=1 0 
0 270 72 35 16 20 5 16 4 5

fn=(3730)
0 4 2 0 1 0 0 1

fn=(218)
0 505 132 33 2 38 0 2 16

fn=(650)
0 14 4 2 1 0 0 1

fn=(1280)
0 5 3 0 2 0 0 2

fn=(1402) 0x0000000000006290
0 9 0 5 1 0 0 1
cfn=(1404)
calls=1 0 
0 46 10 6 3 0 1 3 0 1
0 14 4 3 1 0 0 1
cfn=(642)
calls=1 0 
0 21 3 0 1 0 0 1
0 3 1 1
cfn=(732)
calls=1 0 
0 24 5 5
0 20 5 2 0 0 2 0 0 2

fn=(2268)
0 57 15 9 2 0 0 2

fn=(2562)
0 24 5 0 2 1 0 2 1

fn=(140)
0 442 9 198 5 0 92 5 0 92

fn=(1952) 0x0000000000006840
0 54 12 0 1 0 0 1

fn=(2726)
0 34143 5923 3594 29 612 406 29 539 397
cfn=(2818)
calls=157 0 
0 82715 23909 9302 49 727 19 49 500 9
0 8193 2666 418 6 6 23 6 3 15
cfn=(3486)
calls=1 0 
0 5 2 0 1 1 0 1
cob=(2)
cfi=(2)
cfn=(3118)
calls=1 0 
0 9 3
cob=(2)
cfi=(2)
cfn=(3116)
calls=1 0 
0 19 4 0 3 0 0 3
cob=(2)
cfi=(2)
cfn=(3114)
calls=1 0 
0 6 3 0 2 0 0 2
cob=(2)
cfi=(2)
cfn=(3112)
calls=1 0 
0 2 1 0 1 0 0 1
cob=(2)
cfi=(2)
cfn=(3110)
calls=1 0 
0 11 3 0 2 0 0 2
cob=(2)
cfi=(2)
cfn=(3108)
calls=1 0 
0 19 4 0 3 0 0 3
cob=(2)
cfi=(2)
cfn=(3106)
calls=1 0 
0 9 3 0 1 0 0 1
cob=(2)
cfi=(2)
cfn=(3104)
calls=1 0 
0 19 4 0 2 0 0 2
cob=(2)
cfi=(2)
cfn=(3102)
calls=1 0 
0 9 3 0 1 0 0 1
cob=(2)
cfi=(2)
cfn=(3100)
calls=1 0 
0 9 3 0 1 0 0 1
cob=(2)
cfi=(2)
cfn=(3098)
calls=1 0 
0 9 3 0 2 0 0 2
cob=(2)
cfi=(2)
cfn=(3096)
calls=1 0 
0 6 3 0 1 0 0 1
cob=(2)
cfi=(2)
cfn=(3094)
calls=1 0 
0 9 3 0 1 0 0 1
cob=(2)
cfi=(2)
cfn=(3092)
calls=1 0 
0 9 3 0 1 0 0 1
cob=(2)
cfi=(2)
cfn=(3090)
calls=2 0 
0 18 6 0 2 0 0 2
cob=(2)
cfi=(2)
cfn=(3088)
calls=1 0 
0 9 3 0 1 0 0 1
cob=(2)
cfi=(2)
cfn=(3086)
calls=1 0 
0 9 3 0 1 0 0 1
cob=(2)
cfi=(2)
cfn=(3084)
calls=1 0 
0 9 3 0 2 0 0 2
cob=(2)
cfi=(2)
cfn=(3082)
calls=1 0 
0 9 3 0 1 0 0 1
cob=(2)
cfi=(2)
cfn=(3080)
calls=1 0 
0 2 1 0 1 0 0 1
cob=(2)
cfi=(2)
cfn=(3078)
calls=1 0 
0 9 3 0 1 0 0 1
cob=(2)
cfi=(2)
cfn=(3076)
calls=1 0 
0 9 3 0 2 0 0 2
cob=(2)
cfi=(2)
cfn=(3074)
calls=2 0 
0 22 6 0 2 0 0 2
cob=(2)
cfi=(2)
cfn=(3072)
calls=1 0 
0 9 3 0 1 0 0 1
cob=(2)
cfi=(2)
cfn=(3070)
calls=1 0 
0 9 3 0 2 0 0 2
cob=(2)
cfi=(2)
cfn=(3068)
calls=1 0 
0 9 3 0 1 0 0 1
cob=(2)
cfi=(2)
cfn=(3066)
calls=1 0 
0 19 4 0 2 0 0 2
cob=(2)
cfi=(2)
cfn=(3064)
calls=1 0 
0 9 3 0 1 0 0 1
cob=(2)
cfi=(2)
cfn=(3062)
calls=2 0 
0 18 6 0 1 0 0 1
cob=(2)
cfi=(2)
cfn=(3060)
calls=1 0 
0 19 4 0 2 0 0 2
cob=(2)
cfi=(2)
cfn=(3058)
calls=1 0 
0 6 3 0 1 0 0 1
cob=(2)
cfi=(2)
cfn=(3056)
calls=1 0 
0 9 3 0 1 0 0 1
cob=(2)
cfi=(2)
cfn=(3054)
calls=1 0 
0 19 4 0 2 0 0 2
cob=(2)
cfi=(2)
cfn=(3052)
calls=1 0 
0 19 4 0 2 0 0 2
cob=(2)
cfi=(2)
cfn=(3050)
calls=1 0 
0 9 3 0 1 0 0 1
cob=(2)
cfi=(2)
cfn=(3048)
calls=1 0 
0 19 4 0 3 0 0 3
cob=(2)
cfi=(2)
cfn=(3046)
calls=1 0 
0 9 3 0 2 0 0 2
cob=(2)
cfi=(2)
cfn=(3044)
calls=1 0 
0 9 3 0 1 0 0 1
cob=(2)
cfi=(2)
cfn=(3042)
calls=1 0 
0 2 1
cob=(2)
cfi=(2)
cfn=(3040)
calls=2 0 
0 18 6 0 2 1 0 2
cob=(2)
cfi=(2)
cfn=(3028)
calls=1 0 
0 27 9 8 4 2 2 4 0 2
0 1193 250 186 10 4 9 10 2 8
cob=(2)
cfi=(2)
cfn=(3056)
calls=1 0 
0 9 3
cob=(2)
cfi=(2)
cfn=(3108)
calls=1 0 
0 19 4
cob=(2)
cfi=(2)
cfn=(3088)
calls=1 0 
0 9 3
cob=(2)
cfi=(2)
cfn=(3060)
calls=1 0 
0 19 4
cob=(2)
cfi=(2)
cfn=(3048)
calls=1 0 
0 19 4 0 0 1
cob=(2)
cfi=(2)
cfn=(3098)
calls=1 0 
0 9 3 0 0 2
0 40 12 5 2 0 0 2
cfn=(3138) 0x000000000000e2c0
calls=5 0 
0 120 35 10 3 0 0 3
0 386 80 60 7 5 0 7 4
cfn=(2818)
calls=6 0 
0 2906 841 305 0 9 0 0 8
0 209 53 12 4 1 2 4 1 2

fn=(3576)
0 32 6 7 3 2 0 3
cfn=(3580)
calls=1 0 
0 36 14 6 0 2
0 28 8 4 0 1
cfn=(3580)
calls=4 0 
0 638 106 80 53 23 3 53 3 1
0 19 7 1 1 0 0 1
cfn=(3580)
calls=1 0 
0 77 24 8 8 5 1 8
0 2 0 1 1 0 0 1

fn=(166)
0 38366 7489 6 8 84 0 8 84

fn=(272) 0x0000000000015a30
0 200 40 33 19 1 2 19 1 2

fn=(580) 0x0000000000012b80
0 200 35 15 3 0 0 3

fn=(786)
0 32 4 16 1 0 0 1
cfn=(788)
calls=4 0 
0 8 4
0 135 37 19 1 0 0 1

fn=(1308) 0x0000000000023e20
0 70 8 0 4 3 0 4 3

fn=(1438)
0 64 4 4 2 0 0 2

fn=(1988) 0x00000000000144b0
0 41 9 6 3 1 0 3 1
cfn=(2034)
calls=2 0 
0 2551 424 70 16 38 2 16 38 2
0 14 2 2
cfn=(642)
calls=2 0 
0 34 5 0 0 1 0 0 1
0 16 0 2 1 0 0 1
cfn=(746)
calls=2 0 
0 21 6 4
0 4 0 2
cfn=(1418)
calls=2 0 
0 137 27 22 0 0 1 0 0 1
0 10 6 1 1 0 0 1
cfn=(1994)
calls=1 0 
0 97 12 12 2 1 1 2 1 1
0 28 6 2 4 2 0 4 2

fn=(2330)
0 220 48 36 7 0 0 3
cfn=(2344)
calls=6 0 
0 393 116 74 6 9 0 3
0 50 14 2 8 0 0 4
cfn=(746)
calls=2 0 
0 22 6 4 1
0 8 2

fn=(2614)
0 10 0 4 2 0 0 2
cfn=(218)
calls=1 0 
0 15 4 1 0 1
0 5 1 1
cfn=(218)
calls=1 0 
0 15 4 1 0 1 0 0 1
0 21 5 2 1 0 0 1

fn=(928)
0 8972 1864 0 14 120 0 14 90

fn=(1234)
0 32 7 5 5 1 0 5 1

fn=(1302)
0 28 5 8 2 0 1 2 0 1
cfn=(1342)
calls=1 0 
0 2458 556 301 114 32 38 114 32 38
0 6 1 1 1 0 0 1
cfn=(1308)
calls=1 0 
0 70 8 0 4 3 0 4 3
0 8 0 1 1 0 0 1
cfn=(746)
calls=1 0 
0 11 3 2 0 0 1 0 0 1
0 11 7 1

fn=(1344)
0 11 0 4 1 0 1 1 0 1
cfn=(1346)
calls=1 0 
0 2407 542 287 109 32 35 109 32 35
0 11 7 3 1 0 0 1

fn=(1350)
0 11 3 2 2 0 1 2 0 1
cfn=(1352)
calls=1 0 
0 2335 522 263 101 32 31 101 32 31
0 3 2 1

fn=(1798)
0 20 4 0 1 0 0 1

fn=(3138)
0 85 30 10 1 0 0 1
cfn=(3142)
calls=5 0 
0 25 5 0 1 0 0 1
0 10 0 0 1 0 0 1

fn=(3410)
0 60 4 28 2 0 0 2
cfn=(2818)
calls=4 0 
0 1917 563 236 0 10
0 104 52 4 1 0 0 1

fn=(3444)
0 84 27 21 2 1 0 2 1
cfn=(928)
calls=3 0 
0 60 15 0 0 5 0 0 4
0 39 15 3 1 2 0 1
cfn=(928)
calls=3 0 
0 93 15 0 0 1
0 30 18

fn=(3540)
0 1 1 0 1 0 0 1

fn=(236)
0 87 9 33 9 0 2 9 0 2
cfn=(218)
calls=1 0 
0 15 4 1 0 1 0 0 1
0 7 2 1 1 0 0 1
cfn=(218)
calls=1 0 
0 15 4 1 0 1 0 0 1
0 11 3 3 1 0 0 1
cfn=(218)
calls=1 0 
0 15 4 1 0 1 0 0 1
0 11 1 3 1 0 0 1
cfn=(218)
calls=1 0 
0 15 4 1
0 9 2 2
cfn=(218)
calls=1 0 
0 15 4 1 0 1 0 0 1
0 9 2 4 1 0 0 1
cfn=(580)
calls=1 0 
0 40 7 3 3 0 0 3
0 9 2 4 1 0 0 1
cfn=(580)
calls=1 0 
0 40 7 3
0 10 2 4 1 0 0 1
cfn=(580)
calls=1 0 
0 40 7 3
0 11 2 4 1 0 0 1
cfn=(580)
calls=1 0 
0 40 7 3
0 8 1 4 1 0 0 1
cfn=(580)
calls=1 0 
0 40 7 3
0 18 4 3 2 0 0 2
cfn=(218)
calls=1 0 
0 13 4 1 0 1 0 0 1
0 4 0 1
cfn=(218)
calls=1 0 
0 16 4 1
0 53 13 4 5 0 0 5
cfn=(362)
calls=1 0 
0 450 47 18 14 6 0 14 6
0 3 0 2
cfn=(362)
calls=1 0 
0 494 47 18
0 3 0 2 1 0 0 1
cfn=(362)
calls=1 0 
0 521 47 18
0 5 0 3
cfn=(362)
calls=1 0 
0 469 47 18
0 3 0 2
cfn=(362)
calls=1 0 
0 461 47 18
0 5 1 3 1 0 0 1
cfn=(362)
calls=1 0 
0 441 47 18
0 3 0 2
cfn=(362)
calls=1 0 
0 442 47 18
0 5 1 3
cfn=(362)
calls=1 0 
0 485 47 18
0 3 0 2 1 0 0 1
cfn=(362)
calls=1 0 
0 486 47 18
0 4 0 3
cfn=(362)
calls=1 0 
0 512 47 18
0 3 0 2
cfn=(362)
calls=1 0 
0 513 47 18
0 3 0 1
cfn=(362)
calls=1 0 
0 819 80 26 0 2 0 0 2
0 6 1 2 1 0 0 1
cfn=(482)
calls=1 0 
0 225 22 17 13 0 0 13
0 21 7 3 2 0 0 2
cfn=(244)
calls=1 0 
0 71 9 22 7 0 3 7 0 3
0 14 0 5 1 0 0 1
cfn=(272)
calls=1 0 
0 200 40 33 19 1 2 19 1 2
0 65 14 14 12 2 0 12 2

fn=(664)
0 17 1 4 2 0 1 2 0 1

fn=(1352)
0 356 60 71 4 1 6 4 1 6
cfn=(1362)
calls=17 0 
0 1352 328 74 5 0 1 5 0 1
0 159 48 10 1 0 0 1
cfn=(928)
calls=5 0 
0 122 25
0 103 51 12 2 0 2 2 0 2
cfn=(1086)
calls=3 0 
0 60 9
0 11 0 1
cfn=(1402)
calls=1 0 
0 137 28 22 6 0 3 6 0 3
0 13 0 3 1 0 0 1
cfn=(1434)
calls=1 0 
0 99 21 14 9 1 0 9 1
0 60 21 18 1 0 0 1
cfn=(1488)
calls=3 0 
0 5740 1216 706 83 91 112 83 91 112
0 13 0 2 1 0 0 1
cfn=(642)
calls=2 0 
0 26 4
0 32 4 4 2 0 0 2
cfn=(1952)
calls=2 0 
0 18 4
0 20 4 4 1 0 0 1
cfn=(1988)
calls=2 0 
0 2953 497 123 27 43 4 27 43 4
0 32 2 4 1 0 0 1
cfn=(1434)
calls=2 0 
0 217 44 29 5 1 2 5 1 2
0 36 6 8 3 0 0 3
cfn=(1952)
calls=2 0 
0 18 4
0 58 10 10 4 0 0 4
cfn=(1952)
calls=2 0 
0 18 4 0 1 0 0 1
0 22 8 0 1 0 0 1

fn=(2224)
0 9 3 2 1 0 0 1

fn=(2644)
0 8 3 4 1 0 0 1
cfn=(732)
calls=1 0 
0 65 10 9
0 12 0 1 1 0 0 1
cfn=(140)
calls=1 0 
0 146 1 76 0 0 37 0 0 37
0 3 0 2 0 0 1 0 0 1
cfn=(2652)
calls=1 0 
0 53 11 10 2 0 1 2 0 1
0 7 4

ob=(3)
fl=(3)
fn=(5152)
0 1 1 0 1 0 0 1
cob=(2)
cfi=(2)
cfn=(5068)
calls=1 0 
0 75 19 13

fn=(5108)
0 3 1

fn=(5124)
0 1 1 0 1
cob=(2)
cfi=(2)
cfn=(5068)
calls=1 0 
0 75 19 13

fn=(3594)
0 6 2 0 1 1 0 1

fn=(4524)
0 8 8 0 1
cob=(2)
cfi=(2)
cfn=(4526)
calls=8 0 
0 656 192 112 4 0 0 3

fn=(5136)
0 3 1 0 1 0 0 1

fn=(3666)
0 6 2 0 1 1 0 1

fn=(5162)
0 3 1 0 1 0 0 1

fn=(3716)
0 6 2 0 1 0 0 1

fn=(3796)
0 3 3 0 1 0 0 1
cob=(2)
cfi=(2)
cfn=(3798)
calls=3 0 
0 2030 257 286 68 24 48 68 10 47

fn=(5066) 0x000000000010e060
0 1 1
cob=(2)
cfi=(2)
cfn=(5068)
calls=1 0 
0 105 21 14 12 3 1 11

ob=(6)
fl=(17) /rustc/a28077b28a02b92985b3a3faecf92813155f1ea1/library/alloc/src/ffi/c_str.rs
fn=(4604) <&str as alloc::ffi::c_str::CString::new::SpecNewImpl>::spec_new_impl
305 6 0 5 1 0 0 1
fi=(26) /rustc/a28077b28a02b92985b3a3faecf92813155f1ea1/library/core/src/num/mod.rs
1266 2
fi=(58) /rustc/a28077b28a02b92985b3a3faecf92813155f1ea1/library/core/src/option.rs
933 1
fi=(18) /rustc/a28077b28a02b92985b3a3faecf92813155f1ea1/library/core/src/alloc/layout.rs
447 1
fi=(19) /rustc/a28077b28a02b92985b3a3faecf92813155f1ea1/library/alloc/src/raw_vec.rs
175 1
0 4
fi=(28) /rustc/a28077b28a02b92985b3a3faecf92813155f1ea1/library/core/src/ptr/mod.rs
1549 2 1 0 0 1 0 0 1
fi=(29) /rustc/a28077b28a02b92985b3a3faecf92813155f1ea1/library/alloc/src/alloc.rs
98 3 1 1 1 1 0 1
cfi=(6)
cfn=(4610) __rust_alloc
calls=1 -98 
* 189 36 16 2 1 0 2
fi=(19)
+89 2
fi=(22) /rustc/a28077b28a02b92985b3a3faecf92813155f1ea1/library/alloc/src/vec/mod.rs
670 2 0 2
fi=(10) /rustc/a28077b28a02b92985b3a3faecf92813155f1ea1/library/core/src/intrinsics.rs
2687 4 1 1 0 1
cob=(2)
cfi=(2)
cfn=(4142)
calls=1 0 
* 14 3 2 0 1 0 0 1
fi=(22)
1997 1 0 1
fi=(23) /rustc/a28077b28a02b92985b3a3faecf92813155f1ea1/library/core/src/slice/memchr.rs
43 2
+13 2
-56 3
57 8 4 0 1 0 0 1
+4 4
-5 8
-56 1
fe=(17)
292 3
+2 6 3 3 1 1 0 1
cfn=(4630) alloc::ffi::c_str::CString::_from_vec_unchecked
calls=1 +51 
* 24 8 5 4 0 0 4
* 3 0 3 1 0 0 1
+13 8 6

fn=(4630)
345 5 0 3 1 0 0 1
fi=(19)
231 1 1
fi=(22)
939 1 1
fi=(19)
365 1
-23 1
fi=(22)
1881 2 0 0 1 0 0 1
fi=(19)
223 1 1 0 1 0 0 1
fi=(28)
1382 1 0 1
fi=(22)
1887 2 0 1
fe=(17)
348 1 1
fi=(22)
1042 2
fe=(17)
349 6 4 0 1 0 0 1

fl=(20) /rustc/a28077b28a02b92985b3a3faecf92813155f1ea1/library/std/src/alloc.rs
fn=(4612) __rdl_alloc
389 4 0 0 1 0 0 1
fi=(21) /rustc/a28077b28a02b92985b3a3faecf92813155f1ea1/library/std/src/sys/unix/alloc.rs
13 16
+1 8 4 0 1 2 0 1
cob=(2)
cfi=(2)
cfn=(3798)
calls=4 -14 
* 593 115 54 0 7 2 0 0 2
fe=(20)

fn=(4740) __rdl_alloc_zeroed
421 12 0 9 1 0 0 1
fi=(21)
29 12 0 0 1 0 0 1
+1 18 9 0 0 2
cob=(2)
cfi=(2)
cfn=(4590)
calls=3 -30 
* 909 195 108 11 26 7 5 0 3
fe=(20)

fl=(40) /rustc/a28077b28a02b92985b3a3faecf92813155f1ea1/library/std/src/sys/unix/time.rs
fn=(4794) std::sys::unix::time::inner::<impl std::sys::unix::time::Timespec>::now
397 6 0 2 1 0 0 1
+23 2 2 2 0 2
cob=(2)
cfi=(2)
cfn=(4796)
calls=2 0 
* 20 6 0 1 3 0 1
fi=(9) /rustc/a28077b28a02b92985b3a3faecf92813155f1ea1/library/std/src/sys/unix/mod.rs
309 2 0 0 1 0 0 1
+8 2
fe=(40)
421 2 2
77 4
421 2 2
+1 6 4

fn=(4802) std::sys::unix::time::Timespec::sub_timespec
82 4 0 1 1 0 0 1
fi=(25) /rustc/a28077b28a02b92985b3a3faecf92813155f1ea1/library/core/src/cmp.rs
1141 2 2
1535 2
1141 2 2
fe=(40)
33 1
+64 8 0 0 2 0 0 2
-97 1
fi=(54) /rustc/a28077b28a02b92985b3a3faecf92813155f1ea1/library/core/src/time.rs
204 4
fi=(26)
1166 1
fi=(54)
200 1
fe=(40)
-94 5 0 3
+7 3 2

fn=(4792) std::time::Instant::now
365 2 0 0 1 0 0 1
cfn=(4794)
calls=1 +32 
* 23 8 2 3 2 0 3

fl=(56) /rustc/a28077b28a02b92985b3a3faecf92813155f1ea1/library/core/src/fmt/num.rs
fn=(4896) core::fmt::num::imp::<impl core::fmt::Display for u64>::fmt
283 1 0 0 1 0 0 1
45 3 1
234 2
+20 1 0 0 1 0 0 1
+1 5
-1 1
fi=(10)
2687 2 1 1 0 1 0 0 1
fe=(56)
256 2
+5 2
+2 2 0 1
-1 2
0 1 0 0 1 0 0 1
253 2
fi=(14) /rustc/a28077b28a02b92985b3a3faecf92813155f1ea1/library/core/src/ptr/mut_ptr.rs
1041 3 0 0 1 0 0 1
fe=(56)
275 1
+2 5 1 1 0 1
cfi=(47) /rustc/a28077b28a02b92985b3a3faecf92813155f1ea1/library/core/src/fmt/mod.rs
cfn=(4900) core::fmt::Formatter::pad_integral
calls=1 1266 
* 180 49 36 7 0 0 7
+15 2 1

fl=(28)
fn=(4958) core::ptr::drop_in_place<std::io::buffered::linewriter::LineWriter<std::io::stdio::StdoutRaw>>
497 6 0 5 1 0 0 1
fi=(52) /rustc/a28077b28a02b92985b3a3faecf92813155f1ea1/library/std/src/io/buffered/bufwriter.rs
671 2 1
fe=(28)
497 1 1
fi=(19)
240 2
fe=(28)
497 1 1
fi=(29)
117 7 6
cfi=(6)
cfn=(4938) __rust_dealloc
calls=1 0 
* 84 25 14 0 2
fi=(52)
673 2 0 1 1 0 0 1
cfn=(4926) std::io::buffered::bufwriter::BufWriter<W>::flush_buf
calls=1 188 
* 20 8 7 1 0 0 1
fe=(28)
497 2

fl=(27) /rustc/a28077b28a02b92985b3a3faecf92813155f1ea1/library/alloc/src/sync.rs
fn=(4988) alloc::sync::Arc<T,A>::drop_slow
1748 1 0 1 1 0 0 1
2308 1 1
1751 1 1
fi=(28)
497 2
fe=(27)
1751 1 1
fi=(17)
703 1 0 1
fi=(64) /rustc/a28077b28a02b92985b3a3faecf92813155f1ea1/library/alloc/src/boxed.rs
1234 2
fi=(29)
117 2 1 1
cfi=(6)
cfn=(4938)
calls=1 0 
* 84 25 14
fi=(63) /rustc/a28077b28a02b92985b3a3faecf92813155f1ea1/library/alloc/src/rc.rs
2781 1
fe=(27)
2998 1
fi=(12) /rustc/a28077b28a02b92985b3a3faecf92813155f1ea1/library/core/src/sync/atomic.rs
3239 1 1 1
fe=(27)
3000 1 0 0 1 0 0 1
fi=(29)
117 5 2
cfi=(6)
cfn=(4938)
calls=1 0 
* 84 25 14
fe=(27)

fl=(35) /rustc/a28077b28a02b92985b3a3faecf92813155f1ea1/library/stdarch/crates/std_detect/src/detect/cache.rs
fn=(4718) std_detect::detect::cache::detect_and_initialize
168 7 0 6 1 0 0 1
fi=(36) /rustc/a28077b28a02b92985b3a3faecf92813155f1ea1/library/core/src/../../stdarch/crates/core_arch/src/x86/cpuid.rs
-91 6
fi=(37) /rustc/a28077b28a02b92985b3a3faecf92813155f1ea1/library/stdarch/crates/std_detect/src/detect/os/x86.rs
-16 2
fi=(36)
+16 10 0 0 1 0 0 1
fi=(37)
-1 3 0 1
fi=(36)
+1 5
fi=(37)
+26 2
0 1 0 1
fi=(36)
77 5
fi=(37)
+16 5 0 3 1 0 0 1
fi=(36)
-16 5
fi=(37)
+26 2
0 1 0 1
103 42 0 0 3 0 0 3
fi=(65) /rustc/a28077b28a02b92985b3a3faecf92813155f1ea1/library/stdarch/crates/std_detect/src/detect/bit.rs
-95 2
fi=(37)
+95 34 0 0 2 0 0 2
+33 3
+26 1 0 1
cfi=(38) /rustc/a28077b28a02b92985b3a3faecf92813155f1ea1/library/core/src/../../stdarch/crates/core_arch/src/x86/xsave.rs
cfn=(4724) core::core_arch::x86::xsave::_xgetbv
calls=1 -72 
* 5 1 0 1 0 0 1
* 1
+8 3
0 1
103 4
+83 2 1
fi=(36)
77 5 0 0 1 0 0 1
fi=(37)
+26 12
0 1
103 11 0 0 1 0 0 1
+63 5 4
+39 1 0 0 1 0 0 1
103 4 0 0 1 0 0 1
fi=(66) /rustc/a28077b28a02b92985b3a3faecf92813155f1ea1/library/core/src/array/equality.rs
+48 5 0 0 1 0 0 1
fi=(37)
+97 4
0 2
248 4
0 2
248 4 0 0 1 0 0 1
0 2
270 3
0 1 0 0 1 0 0 1
fe=(35)
119 2
fi=(12)
3172 3 0 2
fe=(35)
170 9 7

fl=(42) /rustc/a28077b28a02b92985b3a3faecf92813155f1ea1/library/std/src/io/stdio.rs
fn=(4810) std::io::stdio::print_to_buffer_if_capture_used
1023 7 0 6 1 0 1 1 0 1
fi=(12)
3187 1 1 0 1 1 0 1 1
fe=(42)
1024 2
fi=(27)
0 1 0 0 1 0 0 1
fe=(42)
1034 9 7 0 1 0 0 1

fn=(4846) <std::io::stdio::StdoutLock as std::io::Write>::write_all
745 49 0 42 1 0 2 1 0 2
fi=(46) /rustc/a28077b28a02b92985b3a3faecf92813155f1ea1/library/std/src/sync/remutex.rs
153 7 7
fi=(50) /rustc/a28077b28a02b92985b3a3faecf92813155f1ea1/library/core/src/cell.rs
1777 14 7
0 14
fe=(42)
746 14 0 7
fi=(28)
1382 7 0 7 1 0 0 1
fi=(50)
1082 7
fi=(51) /rustc/a28077b28a02b92985b3a3faecf92813155f1ea1/library/std/src/sys/unix/memchr.rs
19 14
+4 24 6 6 0 1 1 0 0 1
cob=(2)
cfi=(2)
cfn=(4852)
calls=6 -23 
* 114 13 0 2 3 0 2 2
+8 12
-31 1
31 1
fi=(61) /rustc/a28077b28a02b92985b3a3faecf92813155f1ea1/library/std/src/io/buffered/linewritershim.rs
257 1
fi=(67) /rustc/a28077b28a02b92985b3a3faecf92813155f1ea1/library/core/src/slice/mod.rs
1867 2
fi=(22)
2663 1 1
fi=(61)
259 4 0 2 1 0 0 1
fi=(19)
-28 1 1
fi=(52)
444 1
+93 2
0 1 1
fi=(14)
1041 1
fi=(10)
2687 3 1 1
cob=(2)
cfi=(2)
cfn=(4142)
calls=1 0 
* 15 2 1
fi=(52)
439 1
fi=(22)
1419 2 0 1
2663 6 6 0 1 0 0 1
fi=(67)
300 12
fi=(19)
-77 5 5
fi=(61)
45 10 5
fi=(19)
231 5 5
fi=(52)
444 5
+93 10
0 1 0 0 1 0 0 1
fi=(19)
231 1 1
fi=(52)
444 1
+93 2
fi=(61)
0 1 1 0 1 0 0 1
269 1 0 1
cfi=(52)
cfn=(4926)
calls=1 -81 
* 59 13 13 5 2 0 5
fi=(62) /rustc/a28077b28a02b92985b3a3faecf92813155f1ea1/library/core/src/result.rs
1949 1
fi=(61)
269 1
0 2 1
fi=(19)
231 1 1
fi=(22)
2104 1 1
fi=(52)
444 1
+93 2
0 7 7 0 1 0 0 1
fi=(14)
1041 7
fi=(10)
2687 21 7 7 0 1 1 0 0 1
cob=(2)
cfi=(2)
cfn=(4142)
calls=7 0 
* 94 15 8
fi=(52)
439 7
fi=(22)
1419 21 0 7
fi=(52)
0 7 7 0 1 0 0 1
fi=(28)
1382 7 0 7
fe=(42)
747 56 49

fn=(4808) std::io::stdio::_print
1094 6 0 3 1 0 0 1
-81 1 0 1
cfn=(4810)
calls=1 +10 
* 20 8 6 4 1 1 4 1 1
* 2
fi=(12)
3188 1 1 0 0 1 0 0 1
fi=(39) /rustc/a28077b28a02b92985b3a3faecf92813155f1ea1/library/std/src/sys_common/once/futex.rs
79 1
fi=(43) /rustc/a28077b28a02b92985b3a3faecf92813155f1ea1/library/std/src/sync/once_lock.rs
215 1
fe=(42)
1018 3 0 1
700 4 1 2 0 1
cfn=(4834) <&std::io::stdio::Stdout as std::io::Write>::write_fmt
calls=1 +25 
* 1749 441 360 80 18 12 80 4 12
1018 2
+78 3 2
fi=(43)
218 1 0 1 1 0 0 1
cfi=(12)
cfn=(4818) std::sync::once_lock::OnceLock<T>::initialize
calls=1 3188 
* 123 31 30 7 13 2 7 1 2
* 1
fe=(42)

fn=(4834)
725 6 0 4 1 0 0 1
+1 1 1
-59 1 1
fi=(12)
3187 1 1
fi=(46)
100 5 1 0 1 1 0 1
0 1
fi=(12)
3262 2 0 1
fi=(68) /rustc/a28077b28a02b92985b3a3faecf92813155f1ea1/library/std/src/sys/unix/locks/futex_mutex.rs
27 1
fi=(12)
3172 3 0 1
fi=(46)
106 1 0 1
fe=(42)
726 2 0 1 1 0 0 1
fi=(49) /rustc/a28077b28a02b92985b3a3faecf92813155f1ea1/library/std/src/io/mod.rs
1762 2 0 2
+1 4 1 1
cfi=(47)
cfn=(4840) core::fmt::write
calls=1 1100 
* 1698 428 346 74 17 12 74 4 12
0 1 1
1763 2
0 1 0 0 1 0 0 1
fi=(28)
497 1
fi=(29)
0 1 0 0 1 0 0 1
fe=(42)
727 1 1
fi=(46)
162 1 0 1
+1 1
fi=(12)
3172 2 0 1
+33 1 1 1
fi=(68)
83 2
fe=(42)
727 7 5 0 1 0 0 1

fl=(52)
fn=(4926)
188 14 0 14 1 0 0 1
fi=(22)
2104 2 2
fe=(52)
214 2
+13 2
0 5 0 1
228 1 0 1 1 0 0 1
fi=(57) /rustc/a28077b28a02b92985b3a3faecf92813155f1ea1/library/core/src/slice/index.rs
496 3
fe=(52)
204 1 1
fi=(69) /rustc/a28077b28a02b92985b3a3faecf92813155f1ea1/library/core/src/ptr/const_ptr.rs
940 2
fi=(25)
0 2
fi=(70) /rustc/a28077b28a02b92985b3a3faecf92813155f1ea1/library/std/src/sys/unix/fd.rs
256 3 1 1 0 1
cob=(2)
cfi=(2)
cfn=(4928)
calls=1 0 
* 7 2 0 1 1 0 1
fi=(9)
+53 1
+8 1 0 0 1 0 0 1
fe=(52)
-87 1 0 1
+2 2
-23 1
+5 1
+13 1
-7 2
0 3 0 1
fi=(57)
722 2
0 2 0 0 1 0 0 1
fe=(52)
221 1 0 1 1 0 0 1
0 1 1
245 16 14

fl=(38)
fn=(4724)
90 4 0 0 1 0 0 1
+1 1 1

fl=(39)
fn=(4736) <std::sys_common::once::futex::CompletionGuard as core::ops::drop::Drop>::drop
59 2 2 0 1 0 0 1
fi=(12)
3205 1 1 1
fe=(39)
59 2
+3 1 1 0 1 0 0 1

fn=(4822) std::sys_common::once::futex::Once::call
97 8 0 7 1 0 1 1 0 1
fi=(12)
3188 8 3 0 1 2 0 1
fe=(39)
100 2
0 4 1 0 0 1 0 0 1
fi=(12)
3298 1 0 1 1 0 0 1
fe=(39)
107 2
+9 3 1 2 1 0 1 1 0 1
+8 1 1
fi=(28)
1183 1 1
1382 1 0 1
fi=(58)
933 2
fi=(28)
1549 2 1 0 0 1
fi=(29)
98 3 1 1 0 1
cfi=(6)
cfn=(4610)
calls=1 -98 
* 49 12 6 0 8
fi=(19)
+89 2 0 0 1 0 0 1
fi=(44) /rustc/a28077b28a02b92985b3a3faecf92813155f1ea1/library/core/src/mem/maybe_uninit.rs
489 7 0 6
fe=(39)
125 2 0 1
fi=(12)
3205 1 1 1 1 0 0 1
fe=(39)
59 2
+85 8 7
-47 8 0 7 1 0 0 1
fi=(12)
3188 8 3 0 1 0 0 1
fe=(39)
100 2
0 4 1 0 1 0 0 1
fi=(12)
3298 3 0 1
fe=(39)
107 2
+9 3 1 2 1 0 0 1
+8 1 1
fi=(58)
933 1 1
fi=(28)
1382 1 0 1
fi=(58)
933 1
fi=(42)
625 1 0 1
fi=(12)
3188 1 1
fe=(39)
79 1
fi=(43)
215 1
fi=(42)
631 2 1 0 1 0 0 1
fi=(12)
3187 1 1
fi=(46)
128 5 1
fi=(58)
0 1 0 0 1 0 0 1
fi=(12)
3262 2 0 1
fi=(46)
131 1
fi=(12)
3172 3 0 1 1 0 0 1
fi=(46)
0 1 0 1
fi=(71) /rustc/a28077b28a02b92985b3a3faecf92813155f1ea1/library/std/src/io/buffered/linewriter.rs
109 4 0 3
fi=(50)
1777 2 1
fi=(28)
1382 1 0 1
fi=(42)
637 2 0 1 1 0 0 1
cfi=(28)
cfn=(4958)
calls=1 497 
* 127 42 27 3 2 0 3
* 4 2 2
fi=(28)
1382 1 0 1
fi=(46)
162 1 0 1
+1 1
fi=(12)
3172 2 0 1
+33 1 1 1
fi=(68)
83 2 0 0 1 0 0 1
fi=(12)
3187 1 1 0 0 1
fi=(11) /rustc/a28077b28a02b92985b3a3faecf92813155f1ea1/library/std/src/sys/unix/stack_overflow.rs
174 2
+1 4 0 3 1 0 0 1
+9 2 1 1
cob=(2)
cfi=(2)
cfn=(3770)
calls=1 0 
* 5 1 0 1
fi=(13) /rustc/a28077b28a02b92985b3a3faecf92813155f1ea1/library/std/src/sys/unix/os.rs
641 3 1 1
cob=(2)
cfi=(2)
cfn=(3774)
calls=1 0 
* 53 12 6 7 1
fi=(14)
483 1
fi=(13)
641 2 0 1
cob=(2)
cfi=(2)
cfn=(3774)
calls=1 0 
* 53 12 6
fi=(11)
187 3 1 1
cob=(2)
cfi=(2)
cfn=(4948)
calls=1 0 
* 5 1
fe=(39)
-62 1 0 1 1 0 0 1
-66 2 1
fi=(12)
3205 1 1 1
fe=(39)
59 2
+85 8 7 0 1 0 0 1

fl=(49)
fn=(4844) <std::io::Write::write_fmt::Adapter<T> as core::fmt::Write>::write_str
1751 56 0 49 1 0 1 1 0 1
+1 14 14 7 1 1 0 1
cfi=(42)
cfn=(4846)
calls=7 745 
* 668 163 110 15 7 4 15 2 4
* 35 0 0 1 0 0 1
+7 56 49 0 1 0 0 1

fl=(54)
fn=(4874) <core::time::Duration as core::fmt::Debug>::fmt
1024 1 0 1 1 0 0 1
1185 1 1
fi=(47)
1758 1
fe=(54)
1185 3
+2 1 1
0 1 1
1187 2
+1 6 0 1 1 0 0 1
0 2 0 2 1 0 0 1
cfn=(4876) <core::time::Duration as core::fmt::Debug>::fmt::fmt_decimal
calls=1 1038 
0 1293 318 265 48 8 9 48 4 9
0 1
1210 2 2

fn=(4880) <core::time::Duration as core::fmt::Debug>::fmt::fmt_decimal::{{closure}}
1116 7 0 4 1 0 1 1 0 1
+1 5 3 1
+1 8 1 4 1 0 1 1 0 1
fi=(47)
331 8 0 5 1 0 1 1 0 1
1580 6 3 1 1 0 0 1
cfn=(4841) core::fmt::write'2
calls=1 1100 
* 397 112 79 15 3 5 15 1 5
* 2
fe=(54)
0 2
1125 4 2 0 1 0 0 1
fi=(57)
410 2
fe=(54)
1128 1 1
fi=(72) /rustc/a28077b28a02b92985b3a3faecf92813155f1ea1/library/core/src/str/converts.rs
176 2 0 2
fi=(58)
956 2 1
0 5 2 1 1 0 0 1
fe=(54)
1132 13 0 10 1 0 0 1
fi=(47)
348 10 0 6 1 0 0 1
1580 3 1 1
cfn=(4841)
calls=1 1100 
* 415 113 70 7 3 0 7 2
* 2
fe=(54)
1132 2
+3 4 1 2 1 0 0 1
fi=(47)
331 8 0 5 1 0 0 1
1580 3 1 1
cfn=(4841)
calls=1 1100 
* 194 60 41 0 2 0 0 1
fe=(54)
1136 6 5

fn=(4876)
1038 16 2 10 2 0 0 2
+12 4 2 2 0 0 1 0 0 1
+7 2
0 3 0 0 1 0 0 1
1057 2
+2 2
+2 3
-2 2 0 1
-2 2
0 4
1057 2 0 0 1 0 0 1
+2 2
+2 3
-2 2 0 1
-2 2
0 2
1057 2
+2 2 0 0 1 0 0 1
+2 3
-2 2 0 1
-2 2
0 2
1057 2
+2 2
+2 3 0 0 1 0 0 1
-2 2 0 1
-2 2
0 3
1057 2
+2 2
+2 3
-2 2 0 1 1 0 0 1
-2 2
0 4
1057 2
+2 2
+2 3
-2 2 0 1
-2 2 0 0 1 0 0 1
0 2
1057 2
+2 2
+2 3
-2 2 0 1
-2 2
0 2 0 0 1 0 0 1
1057 2
+2 2
+2 3
-2 2 0 1
-2 2
0 2
1057 2 0 0 1 0 0 1
+2 2 0 0 1 0 0 1
+2 3
-2 2 0 1
-2 2
0 5 0 3 1 0 0 1
fi=(58)
1074 4
956 1
0 2 0 1 1 0 0 1
fe=(54)
1116 11 0 6 1 0 0 1
+22 2 1
fi=(47)
0 3 0 1 1 0 0 1
cfi=(54)
cfn=(4880)
calls=1 1116 
0 1111 306 233 32 8 8 32 4 8
0 1
fe=(54)
1182 8 7 0 1 0 0 1

fl=(25)
fn=(4638) alloc::sync::arcinner_layout_for_value_layout
0 3 0 0 1 0 0 1
fi=(26)
1266 1
fi=(18)
282 2
fi=(26)
1266 2
fi=(18)
382 1 0 0 1 0 0 1
fi=(26)
1266 1
fi=(18)
383 1
0 2
383 2
fi=(26)
1266 2
fi=(18)
282 3
fi=(27)
+85 1 1
fe=(25)

fl=(30) /rustc/a28077b28a02b92985b3a3faecf92813155f1ea1/library/std/src/sys_common/thread_info.rs
fn=(4652) std::sys_common::thread_info::set
43 4 0 2 1 0 0 1
+1 5 2 3
fi=(50)
513 4 2 0 1 0 0 1
fi=(31)
50 3
158 3 1 1 0 1
cfi=(32) /rustc/a28077b28a02b92985b3a3faecf92813155f1ea1/library/std/src/sys/unix/thread_local_dtor.rs
cfn=(4656) std::sys::unix::thread_local_dtor::register_dtor
calls=1 15 
* 383 87 52 22 0 1 22 0 1
fi=(28)
1382 2 0 1
fi=(73) /rustc/a28077b28a02b92985b3a3faecf92813155f1ea1/library/std/src/thread/local.rs
270 6 3 3 1 0 0 1
fi=(58)
674 1
-75 1 1
fe=(30)
45 3 1
+1 2 1
fi=(33) /rustc/a28077b28a02b92985b3a3faecf92813155f1ea1/library/core/src/cell/once.rs
+55 2 0 1
fe=(30)
-55 1 1 0 1 0 0 1
fi=(33)
+55 1 0 1
fe=(30)
-52 1 1
fi=(33)
+52 1 0 1
fe=(30)
-50 4 3

fl=(47)
fn=(4840)
1100 7 0 6 1 0 0 1
263 6 0 6
1104 4 1 1 1 0 0 1
+3 1 1 0 1 0 0 1
fi=(55) /rustc/a28077b28a02b92985b3a3faecf92813155f1ea1/library/core/src/ptr/non_null.rs
786 1
fi=(48) /rustc/a28077b28a02b92985b3a3faecf92813155f1ea1/library/core/src/slice/iter/macros.rs
162 1
0 2 2
162 5
fe=(47)
1111 3 1 0 1 1 0 1
+1 4 4 1 0 2
cfi=(49)
cfn=(4844)
calls=1 1751 
* 114 30 22 12 4 3 12 0 3
* 2
fi=(53) /rustc/a28077b28a02b92985b3a3faecf92813155f1ea1/library/core/src/fmt/rt.rs
138 3 2 1
cfi=(54)
cfn=(4874)
calls=1 1024 
* 1314 323 269 51 8 9 51 4 9
fe=(47)
1114 2
fi=(55)
786 1
fe=(47)
1115 1
fi=(55)
786 1
fi=(48)
162 2
0 1 1
fi=(57)
220 1 1
fe=(47)
1137 1
0 1 1
fi=(57)
220 2 1
fe=(47)
1138 5 5 1
cfi=(49)
cfn=(4844)
calls=1 1751 
* 202 48 39 7 2 0 7
* 2
0 1
1142 8 7

fn=(4841)
1100 21 0 18 0 0 1 0 0 1
263 18 0 18 0 0 1 0 0 1
1104 12 3 3
+14 1 1
fi=(55)
786 1
fi=(48)
162 1
0 2 2
162 5
fe=(47)
1125 3 1 0 0 1
+1 4 4 1 1 0 0 1
cfi=(49)
cfn=(4844)
calls=1 1751 
* 108 30 21 0 1 0 0 1
* 2
+20 2 1 1
-1 2 1 1
+6 2 2
+15 4
fi=(53)
147 4 1 0 1 0 0 1
+3 2 2
0 1
fe=(47)
1151 2 0 2
+1 2 2
+14 4
fi=(53)
0 2 0 0 1 0 0 1
fe=(47)
1152 2 0 2
+7 1 1
fi=(69)
940 1
fi=(53)
138 3 2 1
cfi=(47)
cfn=(4884) <&T as core::fmt::Display>::fmt
calls=1 2288 
* 216 53 28 4 1 0 4 1
fe=(47)
1130 2
fi=(55)
786 2
fe=(47)
1131 1
fi=(55)
786 1
fi=(48)
162 2
fe=(47)
1107 2 2
fi=(55)
786 2
fi=(48)
162 2
0 4 4
162 10
fe=(47)
1111 9 3 0 0 2
fi=(53)
138 9 6 3
cfi=(56)
cfn=(4896)
calls=1 283 
* 217 53 39 11 2 0 11 1
cfi=(47)
cfn=(4884)
calls=2 2288 
* 256 84 52 3 1 3 3 1 3
fe=(47)
1114 6
fi=(55)
786 3
fe=(47)
1115 3
fi=(55)
786 3
fi=(48)
162 5
0 3 3 0 1 0 0 1
fi=(57)
220 3 3
fe=(47)
1137 6
0 3
1142 24 21

fn=(4884)
2288 9 6 0 1 0 0 1
+71 6 3
cfn=(4886) core::fmt::Formatter::pad
calls=3 1360 
* 457 128 80 6 2 3 6 2 3

fn=(4900)
1266 11 0 6 1 0 0 1
+4 3 0 1 1 0 0 1
+3 1 1
1758 4
1273 3 0 1
1815 1
1278 1
0 1 0 0 1 0 0 1
1295 2 1
+4 8 3 1 2 0 0 2
cfn=(4902) core::fmt::Formatter::pad_integral::write_prefix
calls=1 -12 
* 20 5 5 2 0 0 2
* 3
+1 4 2
0 8 6
cfi=(49)
cfn=(4844)
calls=1 1751 
0 110 31 22

fn=(4902)
1287 9 0 5 2 0 0 2
+1 2
+3 2
0 1
1292 6 5

fn=(4886)
1360 30 0 18 1 0 1 1 0 1
fi=(58)
599 6 6
fe=(47)
1362 9
0 1
1367 1 0 0 1 0 0 1
fi=(58)
599 1 0 0 1 0 0 1
fe=(47)
1384 1
+4 1 1
fi=(59) /rustc/a28077b28a02b92985b3a3faecf92813155f1ea1/library/core/src/str/count.rs
27 2
-27 1
fi=(48)
223 4
+14 7 2 0 1 1 0 1 1
-5 2 1
fi=(74) /rustc/a28077b28a02b92985b3a3faecf92813155f1ea1/library/core/src/iter/adapters/filter.rs
-97 5
fi=(75) /rustc/a28077b28a02b92985b3a3faecf92813155f1ea1/library/core/src/iter/traits/accum.rs
-82 1 0 0 1 0 0 1
fi=(48)
-53 3
232 6 3
fi=(74)
-97 15
fi=(75)
-82 3
fi=(48)
-53 9
237 4
fi=(60) /rustc/a28077b28a02b92985b3a3faecf92813155f1ea1/library/core/src/str/validations.rs
25 3 1
fi=(75)
+28 1
fi=(26)
1266 1
fi=(48)
237 4
fe=(47)
1392 2
0 39 27 0 1 0 0 1
cfi=(49)
cfn=(4844)
calls=3 1751 
0 295 87 62 0 1 2 0 1 2

fl=(21)
fn=(4940) __rdl_dealloc
42 7 7 0 1 1 0 1
cob=(2)
cfi=(2)
cfn=(4526)
calls=7 -42 
* 514 141 80 4 11 1 4 0 1

fl=(7)
fn=(3720)
124 1 0 0 1 0 0 1
fi=(12)
3172 2 0 2 0 0 1 0 0 1
fe=(7)
126 1 1

fl=(8) /rustc/a28077b28a02b92985b3a3faecf92813155f1ea1/library/std/src/rt.rs
fn=(3748) std::rt::lang_start_internal
125 10 0 7 1 0 0 1
fi=(9)
-21 7 3 2 1 2 2 1 1
+6 4 0 1
cob=(2)
cfi=(2)
cfn=(3750)
calls=1 0 
* 7 2 0 2 0 0 2
* 2
+17 6 3 0 3 0 0 3
+68 2
0 6 1 0 1 1 0 1 1
206 2 1 1 0 1
cob=(2)
cfi=(2)
cfn=(3754)
calls=1 0 
* 100 24 21 10 3 3 10 0 1
* 2
fi=(10)
2850 12 0 10 1 0 2 1
fi=(11)
114 3 1 1 1 1 0 1
cob=(2)
cfi=(2)
cfn=(3756)
calls=1 0 
* 50 12 9
+2 2 1
+1 1 0 1
+1 3 0 1
+1 3 1 1
cob=(2)
cfi=(2)
cfn=(3756)
calls=1 0 
* 51 11 9
fi=(12)
3172 1 0 1 1 0 0 1
0 1
fi=(11)
114 3 1 1
cob=(2)
cfi=(2)
cfn=(3756)
calls=1 0 
* 50 12 9
+2 2 1
+1 1 0 1
+1 3 0 1
+1 3 1 1 1 0 0 1
cob=(2)
cfi=(2)
cfn=(3756)
calls=1 0 
* 51 11 9
fi=(12)
3172 1 0 1
fi=(11)
124 1 0 1
cfn=(3766) std::sys::unix::stack_overflow::imp::make_handler
calls=1 +33 
* 244 54 33 20 2 0 20 1
fi=(12)
3172 1 0 1
fi=(13)
641 2 1 1
cob=(2)
cfi=(2)
cfn=(3774)
calls=1 0 
* 53 12 6
fi=(12)
3172 1 0 1 0 0 1 0 0 1
+15 1 1
fi=(15) /rustc/a28077b28a02b92985b3a3faecf92813155f1ea1/library/std/src/sys/unix/thread.rs
817 2
0 1
fi=(10)
2850 5 0 4 1 0 0 1
fi=(15)
801 1 1 1
cob=(2)
cfi=(2)
cfn=(3786)
calls=1 0 
* 2 2 0 1 0 0 1
* 3 1 1 0 1
cob=(2)
cfi=(2)
cfn=(3788)
calls=1 0 
* 94969 20506 11915 351 71 70 347 44 61
+1 2
fi=(16) /rustc/a28077b28a02b92985b3a3faecf92813155f1ea1/library/core/src/ptr/metadata.rs
135 1 0 1 1 0 0 1
fi=(15)
804 4 0 1
+1 2 1 1
cob=(2)
cfi=(2)
cfn=(4600)
calls=1 0 
* 8 3 2 1 0 0 1
* 3 0 1
+1 2 1
+3 1 1 1
cob=(2)
cfi=(2)
cfn=(4602)
calls=1 0 
* 178 55 31 1 0 0 1
* 3 0 1 1 0 0 1
+18 8
+1 4
+24 3
fi=(17)
316 5 1 1 1 0 0 1
cfn=(4604)
calls=1 -11 
* 304 63 39 11 6 0 11 2
fe=(8)
104 6 4 1 0 1
cfi=(24) /rustc/a28077b28a02b92985b3a3faecf92813155f1ea1/library/std/src/thread/mod.rs
cfn=(4636) std::thread::Thread::new
calls=1 1277 
* 261 46 32 6 1 1 6 0 1
+1 6 1 4 1 0 0 1
cfi=(30)
cfn=(4652)
calls=1 -62 
* 427 103 65 26 1 1 26 0 1
fi=(34) /rustc/a28077b28a02b92985b3a3faecf92813155f1ea1/library/core/src/ops/function.rs
284 3 2 1 0 1
cfi=(6)
cfn=(4698) std::rt::lang_start::{{closure}}
calls=1 0 
* 40387400311 16041438107 29637984 213 8504003568 4502379 207 16 750032
fi=(62)
1407 1
fi=(12)
3188 1 1
fi=(39)
79 1
fi=(45) /rustc/a28077b28a02b92985b3a3faecf92813155f1ea1/library/std/src/sync/once.rs
+65 1
+4 1 0 1 1 0 1 1 0 1
+1 3 0 2
cfi=(39)
cfn=(4822)
calls=1 -52 
* 350 96 74 23 4 0 15
fe=(8)
+6 9 7 0 0 1 0 0 1

fl=(31)
fn=(4982)
40 2 0 1 1 0 0 1
fi=(28)
1382 2 1 1 1 0 1 1
497 3 1
fi=(12)
3239 1 1 1 0 1
fi=(27)
2372 1
fi=(28)
497 1
fi=(27)
2407 3 1
cfn=(4988)
calls=1 1748 
* 188 57 32 2 0 0 2
fe=(31)

fl=(11)
fn=(3766)
157 2 0 1 1 0 0 1
fi=(12)
3187 1 1
fe=(11)
158 2
fi=(10)
2850 5 0 2
fe=(11)
162 2 1 1
cob=(2)
cfi=(2)
cfn=(3770)
calls=1 0 
* 5 1 0 1 0 0 1
+2 2 1
fi=(13)
641 2 1 1 1 0 0 1
cob=(2)
cfi=(2)
cfn=(3774)
calls=1 0 
* 53 12 6 11 1 0 11 1
fe=(11)
142 7 1 1 0 1
cob=(2)
cfi=(2)
cfn=(3778)
calls=1 0 
* 22 3 2 3 0 0 3
+1 2
0 1
fi=(13)
641 2 1 1
cob=(2)
cfi=(2)
cfn=(3774)
calls=1 0 
* 53 12 6
fe=(11)
146 4 1 1 1 0 0 1
cob=(2)
cfi=(2)
cfn=(3780)
calls=1 0 
* 5 1 0 1 0 0 1
+1 2
fi=(13)
641 2 1 1
cob=(2)
cfi=(2)
cfn=(3774)
calls=1 0 
* 53 12 6
fi=(14)
1041 1
fe=(11)
165 4 0 3
+1 2 1 1 1 0 0 1
cob=(2)
cfi=(2)
cfn=(3770)
calls=1 0 
* 5 1
+1 1 1
+4 4 2

fl=(6)
fn=(3684)
0 11 2 3 1 1 0 1
cob=(2)
cfi=(2)
cfn=(3686)
calls=1 0 
0 40387499939 16041459828 29650741 812 8504003750 4502478 767 71 750101

fn=(4698)
0 3 1 2 1 0 0 1
cfn=(4700) std::sys_common::backtrace::__rust_begin_short_backtrace
calls=1 0 
0 40387400305 16041438104 29637982 212 8504003567 4502379 206 15 750032
0 3 2 0 0 1 0 0 1

fn=(4784) rand::rngs::adapter::reseeding::fork::get_fork_counter
0 400024 400024

fn=(4938)
0 7
cfi=(21)
cfn=(4940)
calls=7 42 
0 521 148 80 5 12 1 5 0 1

fn=(4728) std::sys_common::once::futex::Once::call
0 35 5 11 4 1 0 4 1
cfn=(4730) pthread_atfork
calls=1 0 
0 47 11 13 5 1 2 5 1 2
0 6 1 3 1 0 0 1
cfi=(39)
cfn=(4736)
calls=1 59 
0 6 4 1 2 0 0 2
0 8 7

fn=(4788) rand_chacha::guts::refill_wide::impl_avx2
0 120207212 2600156 3400204 15 3 0 15 3

fn=(4730)
0 2 1 0 1 0 0 1
cob=(2)
cfi=(2)
cfn=(4734)
calls=1 0 
0 44 9 13 4 1 2 4 1 2
0 1 1

fn=(4738) __rust_alloc_zeroed
0 3
cfi=(20)
cfn=(4740)
calls=3 421 
0 951 204 117 13 28 7 7 0 3

fn=(4704) matrix_multiply::generate_matrix
0 30 3 24 1 2 0 1
cfn=(4706) rand::rngs::thread::thread_rng
calls=3 0 
0 1186 231 187 56 9 9 56 4 9
0 15 3 6 1 3 0 1
cfn=(4738)
calls=3 0 
0 954 204 117 13 28 7 7 0 3
0 80039159 24004000 8008792 2 0 500000 2 0 500000
cfn=(4790) rand::rngs::adapter::reseeding::ReseedingCore<R,Rsdr>::reseed_and_generate
calls=781 0 
0 618552 47641 45298 5 5467 2340 5
0 115606783 12800751 13000763 1 0 0 1
cfn=(4784)
calls=200012 0 
0 400024 400024
0 2193884 598474 398462 1 0 0 1
cfn=(4786) rand_chacha::guts::refill_wide
calls=199231 0 
0 124320144 3586158 4183851 17 3 0 17 3
0 199285 33 12 1 2 3 1

fn=(4710) <rand_core::os::OsRng as rand_core::RngCore>::try_fill_bytes
0 4692 782 1564 1 781 0 1
cfn=(4712) getrandom::imp::getrandom_inner
calls=782 0 
0 43031 9387 5476 7 2344 780 7
0 4692 1564 0 1 0 0 1

fn=(4712)
0 24240 2346 5474 2 2344 780 2
cob=(2)
cfi=(2)
cfn=(4714)
calls=782 0 
0 8602 1564
0 3134 1 1 2 0 0 2
cob=(2)
cfi=(2)
cfn=(4714)
calls=1 0 
0 11 2 0 2 0 0 2
0 7044 5474 1 1 0 0 1

fn=(4706)
0 17 6 4 2 4 0 2
cfn=(4708) std::sys::common::thread_local::fast_local::Key<T>::try_initialize
calls=1 0 
0 1154 218 180 54 5 9 54 4 9
0 15 7 3

fn=(5060)
0 8 3 2 1 2
cob=(3)
cfi=(3)
cfn=(5066)
calls=1 0 
0 106 22 14 12 3 1 11
0 1 0 1
cfn=(5096) 0x0000000000008ec0
calls=1 0 
0 5 1 0 1 0 0 1
0 3 2 1

fn=(5096)
0 5 1 0 1 0 0 1

fn=(4702) matrix_multiply::main
0 9 0 6 1 0 0 1
cfn=(4704)
calls=1 0 
0 161698623 20719393 12819392 98 2740 251181 92 7 250010
0 3 0 1
cfn=(4704)
calls=1 0 
0 161681026 20718044 12818062 0 2756 251176 0 0 250001
0 3 0 1
cfn=(4704)
calls=1 0 
0 367 85 58 0 18 2 0 0 1
0 1 1 1 0 1
cfi=(40)
cfn=(4792)
calls=1 365 
0 25 8 2 4 2 0 4
0 40064018011 16000000005 4000003 4 8503998002 4000001 4 0 250001
cfi=(41) /rustc/a28077b28a02b92985b3a3faecf92813155f1ea1/library/std/src/time.rs
cfn=(4800) std::time::Instant::elapsed
calls=1 388 
0 80 21 13 4 3 2 4 0 2
0 15 1 10 2 1 2 2 0 2
cfi=(42)
cfn=(4808)
calls=1 1094 
0 1918 484 404 93 34 15 93 7 15
0 7 2 1 0 1
cfn=(4938)
calls=1 0 
0 64 16 8 5 6 0 5
0 7 2 1
cfn=(4938)
calls=1 0 
0 64 16 8 0 1
0 7 2 1 1 0 0 1
cfn=(4938)
calls=1 0 
0 64 16 8 0 1
0 7 6 0 0 1 0 0 1

fn=(4980)
0 13 2 4 1 1 1 1
cfn=(4938)
calls=1 0 
0 84 25 14 0 2 1 0 0 1

fn=(4716) rand_chacha::guts::init_chacha
0 11729 783 3911 3 1 0 3 1
cfi=(35)
cfn=(4718)
calls=1 168 
0 232 13 15 16 0 0 16
0 3912 0 782 1 0 0 1
cfn=(4726) rand_chacha::guts::init_chacha::impl_avx
calls=782 0 
0 17204 3910 2346 2 782 0 2 1
0 5474 3910

fn=(4786)
0 4600276 1000060 800048 2 0 0 2
cfn=(4788)
calls=200012 0 
0 120207212 2600156 3400204 15 3 0 15 3

fn=(4790)
0 12496 781 6248 2 781 1560 2
cfn=(4710)
calls=781 0 
0 52327 11715 7029 0 3124 780
0 8591 2343 2343 2 781 0 2
cfn=(4716)
calls=781 0 
0 38269 8591 7029 0 781
0 14058 5467 6248 1 0 0 1
cfn=(4786)
calls=781 0 
0 487344 14058 16401
0 5467 4686

fn=(3722)
0 11 1 0 3 0 0 3

fn=(3746)
0 9 1 3 2 0 0 2
cfi=(8)
cfn=(3748)
calls=1 125 
0 40387497584 16041459156 29650295 681 8504003665 4502460 663 66 750098
0 2 2 0 0 1 0 0 1

fn=(4610)
0 4
cfi=(20)
cfn=(4612)
calls=4 389 
0 621 119 54 2 9 2 2 0 2

fn=(4700)
0 2 0 2
cfn=(4702)
calls=1 0 
0 40387400301 16041438102 29637980 212 8504003567 4502379 206 15 750032
0 2 2

fn=(4708)
0 15 3 4 2 0 0 2
cfi=(32)
cfn=(4656)
calls=1 15 
0 383 87 52 0 0 1 0 0 1
0 11 1 4 2 0 0 2
cfn=(4710)
calls=1 0 
0 88 18 11 9 1 0 9
0 11 3 3 1 0 0 1
cfn=(4716)
calls=1 0 
0 282 25 25 22 2 0 22 2
0 21 10 7 1 0 0 1
cfn=(4610)
calls=1 0 
0 192 35 16 0 0 1 0 0 1
0 48 8 30 5 0 5 5 0 5
cfn=(4728)
calls=1 0 
0 102 28 28 12 2 2 12 2 2
0 1

fn=(4726)
0 17204 3910 2346 2 782 0 2 1

fl=(41)
fn=(4800)
388 3 0 1
fi=(40)
-23 2 0 1 0 0 1 0 0 1
cfn=(4794)
calls=1 +32 
* 23 8 2 0 3
fe=(41)
+24 9 2 4 1 0 1 1 0 1
fi=(40)
-20 1 0 1
cfn=(4802)
calls=1 82 
* 34 6 4 3 0 0 3
* 1
fi=(62)
632 2 2
fi=(58)
1008 2 1
fe=(41)
390 3 2

fl=(24)
fn=(4636)
1277 9 0 6 1 0 0 1
fi=(27)
1797 3 1 1 1 1 0 1
cfi=(25)
cfn=(4638)
calls=1 0 
* 21 1 0 2 0 0 2
0 2
fi=(29)
177 2
fi=(28)
1549 2 1
fi=(29)
98 3 1 1
cfi=(6)
cfn=(4610)
calls=1 -98 
* 195 36 16 0 0 1 0 0 1
* 1
fi=(62)
1427 2
fi=(28)
-45 2 0 2 1 0 0 1
fi=(27)
284 1 0 1
fi=(28)
1382 2 0 2
fi=(12)
3187 2 1
fi=(26)
1166 2
fe=(24)
+23 1
fi=(12)
3294 1 0 1
fe=(24)
1193 1
fi=(28)
1382 2 0 2
fe=(24)
-89 7 5 0 1 0 0 1

fl=(32)
fn=(4656)
15 10 0 6 1 0 0 1
+10 4 2
+6 14 8 0 1 0 0 1
cob=(2)
cfi=(2)
cfn=(4658)
calls=2 -31 
* 738 164 98 20 0 2 20 0 2

fl=(12)
fn=(4818)
3188 1 1 0 1 0 0 1
fi=(39)
79 1
fi=(45)
203 1
fi=(43)
310 1
fi=(45)
207 5 0 2
+1 3 0 2
cfi=(39)
cfn=(4822)
calls=1 97 
* 109 29 26 6 13 2 6 1 2
* 1
fi=(43)
310 1 1
fe=(12)

totals: 40387710407 16041510504 29668720 1734 8504005660 4503270 1684 1519 750858
